tests/parsers_test_files/seabird/mctd/SBE37SMP-ODO-SDI12_03723671_2023_05_17_datcnv.cnv
* Sea-Bird SBE37SMP-ODO-SDI12  Data File:
* FileName = C:\Users\Chris\OneDrive\Desktop\CTD Data\DFO3\100m\SBE37SMP-ODO-SDI12_03723671_2023_05_17.hex
* Software version SeatermV2 2.8.0.119
* Temperature SN = 23671
* Conductivity SN = 23671
* System UpLoad Time = May 17 2023 13:31:55
* sample interval = 1800 seconds
* <ApplicationData>
# nquan = 10
# nvalues = 17861                                 
# units = specified
# name 0 = scan: Scan Count
# name 1 = timeK: Time, Instrument [seconds]
# name 2 = prdM: Pressure, Strain Gauge [db]
# name 3 = tv290C: Temperature [ITS-90, deg C]
# name 4 = cond0mS/cm: Conductivity [mS/cm]
# name 5 = sbeopoxML/L: Oxygen, SBE 63 [ml/l]
# name 6 = sbeoxpdv: Oxygen raw, SBE 63 phase delay [V]
# name 7 = sbeoxTC: Oxygen Temperature, SBE 63 [ITS-90, deg C]
# name 8 = sal00: Salinity, Practical [PSU]
# name 9 = flag:  0.000e+00
# span 0 =          1,      17861                 
# span 1 =  705520801,  737668801                 
# span 2 =     -0.130,     95.047                 
# span 3 =     7.1300,    26.2419                 
# span 4 =   0.000321,  36.385333                 
# span 5 =      1.094,      8.001                 
# span 6 =    0.39334,    0.82844                 
# span 7 =     7.1294,    25.9401                 
# span 8 =     0.0042,    33.1188                 
# span 9 = 0.0000e+00, 0.0000e+00                 
# interval = seconds: 1800
# start_time = May 10 2022 18:00:01 [Instrument's time stamp, first data scan]
# bad_flag = -9.990e-29
*END*
[from data line 4037]
       4038  712787431     92.103     7.2445  33.752116      2.349    0.67919     7.2433    33.0359  0.000e+00
       4039  712789231     92.442     7.2437  33.751856      1.778    0.73490     7.2429    33.0363  0.000e+00
       4040  712791031     92.808     7.2530  33.753683      2.228    0.68989     7.2513    33.0292  0.000e+00
       4041  712792831     93.142     7.2399  33.751533      1.951    0.71665     7.2389    33.0393  0.000e+00
       4042  712794631     93.416     7.2343  33.751599      2.268    0.68644     7.2333    33.0446  0.000e+00
       4043  712796431     93.614     7.2250  33.751340      2.310    0.68272     7.2246    33.0530  0.000e+00
       4044  712798231     93.745     7.2162  33.751929      2.297    0.68393     7.2159    33.0620  0.000e+00
       4045  712800031     93.782     7.2053  33.748212      2.288    0.68479     7.2045    33.0684  0.000e+00
       4046  712801831     93.710     7.2065  33.747755      2.297    0.68403     7.2051    33.0668  0.000e+00
       4047  712803631     93.585     7.1959  33.743190      2.305    0.68338     7.1949    33.0721  0.000e+00
       4048  712805431     93.386     7.1860  33.738233      2.315    0.68262     7.1849    33.0763  0.000e+00
       4049  712807231     93.131     7.1901  33.738036      2.322    0.68191     7.1889    33.0722  0.000e+00
       4050  712809031     92.828     7.1889  33.739536      2.319    0.68218     7.1881    33.0751  0.000e+00
       4051  712810831     92.536     7.1811  33.736862      2.316    0.68251     7.1802    33.0798  0.000e+00
       4052  712812631     92.273     7.1841  33.738295      2.317    0.68241     7.1829    33.0786  0.000e+00
       4053  712814431     92.011     7.1889  33.740968      2.312    0.68282     7.1884    33.0770  0.000e+00
       4054  712816231     91.769     7.2018  33.748140      2.292    0.68444     7.2007    33.0726  0.000e+00
       4055  712818031     91.598     7.2140  33.751139      2.287    0.68479     7.2127    33.0643  0.000e+00
       4056  712819831     91.483     7.2126  33.749508      2.292    0.68441     7.2112    33.0639  0.000e+00
       4057  712821631     91.423     7.2205  33.747615      2.309    0.68287     7.2194    33.0543  0.000e+00
       4058  712823431     91.473     7.2165  33.748529      2.310    0.68279     7.2153    33.0591  0.000e+00
       4059  712825231     91.601     7.2386  33.753354      2.310    0.68264     7.2376    33.0432  0.000e+00
       4060  712827031     91.760     7.2139  33.750813      2.299    0.68381     7.2135    33.0640  0.000e+00
       4061  712828831     91.975     7.2357  33.751007      2.306    0.68305     7.2329    33.0433  0.000e+00
       4062  712830631     92.259     7.2323  33.750813      2.322    0.68158     7.2315    33.0461  0.000e+00
       4063  712832431     92.545     7.2579  33.765098      2.280    0.68512     7.2562    33.0371  0.000e+00
       4064  712834231     92.803     7.2691  33.769925      2.238    0.68880     7.2679    33.0315  0.000e+00
       4065  712836031     93.054     7.2572  33.764316      2.238    0.68893     7.2562    33.0366  0.000e+00
       4066  712837831     93.278     7.2456  33.756621      2.280    0.68525     7.2453    33.0392  0.000e+00
       4067  712839631     93.445     7.2358  33.752382      2.311    0.68254     7.2346    33.0439  0.000e+00
       4068  712841431     93.536     7.2221  33.748796      2.321    0.68180     7.2202    33.0531  0.000e+00
       4069  712843231     93.563     7.2139  33.748275      2.316    0.68229     7.2127    33.0604  0.000e+00
       4070  712845031     93.517     7.2156  33.748993      2.309    0.68287     7.2143    33.0595  0.000e+00
       4071  712846831     93.373     7.2042  33.749646      2.294    0.68431     7.2037    33.0712  0.000e+00
       4072  712848631     93.161     7.1948  33.746711      2.282    0.68540     7.1932    33.0771  0.000e+00
       4073  712850431     92.921     7.1872  33.742797      2.290    0.68479     7.1863    33.0803  0.000e+00
       4074  712852231     92.645     7.1870  33.742992      2.296    0.68426     7.1860    33.0808  0.000e+00
       4075  712854031     92.324     7.1872  33.740513      2.304    0.68355     7.1860    33.0781  0.000e+00
       4076  712855831     92.000     7.1906  33.744490      2.303    0.68363     7.1895    33.0793  0.000e+00
       4077  712857631     91.711     7.1927  33.748924      2.274    0.68616     7.1919    33.0822  0.000e+00
       4078  712859431     91.456     7.1987  33.749836      2.263    0.68710     7.1975    33.0777  0.000e+00
       4079  712861231     91.263     7.1979  33.748531      2.267    0.68677     7.1962    33.0771  0.000e+00
       4080  712863031     91.107     7.2090  33.744681      2.296    0.68403     7.2079    33.0624  0.000e+00
       4081  712864831     91.041     7.2200  33.748267      2.316    0.68226     7.2179    33.0557  0.000e+00
       4082  712866631     91.058     7.2208  33.748397      2.312    0.68259     7.2195    33.0551  0.000e+00
       4083  712868431     91.169     7.2133  33.746637      2.314    0.68249     7.2125    33.0603  0.000e+00
       4084  712870231     91.335     7.2223  33.748920      2.313    0.68249     7.2218    33.0541  0.000e+00
       4085  712872031     91.559     7.2092  33.746900      2.307    0.68310     7.2093    33.0643  0.000e+00
       4086  712873831     91.865     7.2369  33.756682      2.285    0.68485     7.2361    33.0483  0.000e+00
       4087  712875631     92.205     7.2694  33.771881      2.235    0.68913     7.2679    33.0336  0.000e+00
       4088  712877431     92.557     7.2720  33.772730      2.208    0.69151     7.2711    33.0319  0.000e+00
       4089  712879231     92.903     7.2748  33.772991      2.210    0.69136     7.2732    33.0293  0.000e+00
       4090  712881031     93.203     7.2809  33.775471      2.209    0.69141     7.2801    33.0260  0.000e+00
       4091  712882831     93.448     7.2439  33.758187      2.250    0.68796     7.2449    33.0425  0.000e+00
       4092  712884631     93.655     7.2420  33.757470      2.283    0.68505     7.2404    33.0434  0.000e+00
       4093  712886431     93.807     7.2089  33.748016      2.291    0.68452     7.2095    33.0647  0.000e+00
       4094  712888231     93.833     7.2061  33.748929      2.123    0.70003     7.2050    33.0684  0.000e+00
       4095  712890031     93.782     7.1863  33.742278      2.279    0.68578     7.1862    33.0802  0.000e+00
       4096  712891831     93.685     7.1784  33.739735      2.297    0.68424     7.1780    33.0850  0.000e+00
       4097  712893631     93.523     7.1796  33.740974      2.296    0.68434     7.1787    33.0852  0.000e+00
       4098  712895431     93.284     7.1751  33.740126      2.288    0.68505     7.1741    33.0887  0.000e+00
       4099  712897231     92.982     7.1735  33.740386      2.282    0.68561     7.1727    33.0908  0.000e+00
       4100  712899031     92.690     7.1622  33.735625      2.281    0.68573     7.1612    33.0965  0.000e+00
       4101  712900831     92.436     7.1717  33.738427      2.285    0.68533     7.1703    33.0906  0.000e+00
       4102  712902631     92.154     7.1794  33.739469      2.290    0.68482     7.1778    33.0844  0.000e+00
       4103  712904431     91.864     7.1901  33.741098      2.301    0.68373     7.1888    33.0761  0.000e+00
       4104  712906231     91.661     7.1903  33.742271      2.303    0.68355     7.1888    33.0773  0.000e+00
       4105  712908031     91.534     7.1946  33.742792      2.299    0.68388     7.1936    33.0738  0.000e+00
       4106  712909831     91.442     7.2328  33.762683      2.227    0.69012     7.2314    33.0589  0.000e+00
       4107  712911631     91.436     7.2389  33.765227      2.166    0.69572     7.2376    33.0559  0.000e+00
       4108  712913431     91.502     7.2295  33.762227      2.160    0.69633     7.2290    33.0616  0.000e+00
       4109  712915231     91.582     7.2636  33.771031      2.171    0.69503     7.2604    33.0386  0.000e+00
       4110  712917031     91.736     7.2745  33.772988      2.183    0.69382     7.2736    33.0301  0.000e+00
       4111  712918831     91.970     7.2468  33.767902      2.172    0.69508     7.2468    33.0510  0.000e+00
       4112  712920631     92.213     7.2660  33.771750      2.170    0.69506     7.2655    33.0367  0.000e+00
       4113  712922431     92.447     7.2597  33.771817      2.174    0.69481     7.2589    33.0427  0.000e+00
       4114  712924231     92.680     7.2572  33.770513      2.182    0.69405     7.2558    33.0436  0.000e+00
       4115  712926031     92.913     7.2571  33.770905      2.193    0.69308     7.2564    33.0440  0.000e+00
       4116  712927831     93.124     7.2275  33.763080      2.167    0.69569     7.2275    33.0637  0.000e+00
       4117  712929631     93.247     7.2222  33.761842      2.130    0.69919     7.2202    33.0673  0.000e+00
       4118  712931431     93.303     7.2110  33.758908      2.112    0.70096     7.2103    33.0748  0.000e+00
       4119  712933231     93.317     7.2024  33.755582      2.115    0.70074     7.2021    33.0795  0.000e+00
       4120  712935031     93.256     7.1895  33.749842      2.138    0.69866     7.1884    33.0856  0.000e+00
       4121  712936831     93.108     7.1761  33.745278      2.161    0.69658     7.1752    33.0935  0.000e+00
       4122  712938631     92.936     7.1705  33.742473      2.168    0.69597     7.1698    33.0959  0.000e+00
       4123  712940431     92.723     7.1640  33.739668      2.177    0.69519     7.1635    33.0991  0.000e+00
       4124  712942231     92.467     7.1541  33.732625      2.225    0.69088     7.1534    33.1011  0.000e+00
       4125  712944031     92.210     7.1651  33.739014      2.227    0.69062     7.1632    33.0977  0.000e+00
       4126  712945831     91.958     7.1670  33.738948      2.218    0.69141     7.1660    33.0959  0.000e+00
       4127  712947631     91.730     7.1851  33.747033      2.201    0.69285     7.1833    33.0875  0.000e+00
       4128  712949431     91.552     7.1918  33.749771      2.176    0.69506     7.1903    33.0841  0.000e+00
       4129  712951231     91.410     7.1907  33.749315      2.164    0.69620     7.1895    33.0848  0.000e+00
       4130  712953031     91.324     7.1932  33.749966      2.168    0.69584     7.1919    33.0831  0.000e+00
       4131  712954831     91.334     7.1968  33.751792      2.156    0.69693     7.1956    33.0816  0.000e+00
       4132  712956631     91.399     7.2095  33.756227      2.147    0.69764     7.2087    33.0742  0.000e+00
       4133  712958431     91.512     7.2347  33.763270      2.156    0.69666     7.2333    33.0577  0.000e+00
       4134  712960231     91.731     7.2287  33.762293      2.160    0.69630     7.2287    33.0623  0.000e+00
       4135  712962031     91.998     7.2423  33.764902      2.165    0.69577     7.2415    33.0520  0.000e+00
       4136  712963831     92.269     7.2589  33.768554      2.174    0.69481     7.2553    33.0400  0.000e+00
       4137  712965631     92.581     7.2522  33.768491      2.171    0.69511     7.2507    33.0462  0.000e+00
       4138  712967431     92.926     7.2531  33.769275      2.166    0.69557     7.2528    33.0460  0.000e+00
       4139  712969231     93.217     7.2459  33.767515      2.164    0.69577     7.2457    33.0508  0.000e+00
       4140  712971031     93.463     7.2461  33.767451      2.159    0.69625     7.2446    33.0505  0.000e+00
       4141  712972831     93.668     7.2274  33.762104      2.161    0.69620     7.2271    33.0625  0.000e+00
       4142  712974631     93.809     7.2149  33.759365      2.157    0.69668     7.2144    33.0713  0.000e+00
       4143  712976431     93.879     7.1955  33.752779      2.148    0.69767     7.1948    33.0828  0.000e+00
       4144  712978231     93.877     7.1840  33.748606      2.142    0.69838     7.1826    33.0892  0.000e+00
       4145  712980031     93.801     7.1809  33.747432      2.143    0.69828     7.1801    33.0909  0.000e+00
       4146  712981831     93.658     7.1621  33.740128      2.138    0.69889     7.1615    33.1011  0.000e+00
       4147  712983631     93.463     7.1650  33.741432      2.139    0.69878     7.1643    33.0998  0.000e+00
       4148  712985431     93.211     7.1626  33.740453      2.141    0.69856     7.1617    33.1012  0.000e+00
       4149  712987231     92.940     7.1463  33.733345      2.157    0.69721     7.1456    33.1092  0.000e+00
       4150  712989031     92.640     7.1465  33.733409      2.154    0.69747     7.1458    33.1092  0.000e+00
       4151  712990831     92.352     7.1618  33.740254      2.156    0.69721     7.1606    33.1021  0.000e+00
       4152  712992631     92.077     7.1803  33.746644      2.160    0.69666     7.1787    33.0915  0.000e+00
       4153  712994431     91.827     7.2078  33.755968      2.153    0.69714     7.2065    33.0754  0.000e+00
       4154  712996231     91.616     7.2207  33.759749      2.151    0.69724     7.2193    33.0673  0.000e+00
       4155  712998031     91.472     7.2095  33.756292      2.159    0.69653     7.2089    33.0743  0.000e+00
       4156  712999831     91.382     7.2244  33.760661      2.161    0.69625     7.2227    33.0648  0.000e+00
       4157  713001631     91.361     7.2409  33.766009      2.162    0.69602     7.2404    33.0549  0.000e+00
       4158  713003431     91.402     7.2870  33.776639      2.197    0.69247     7.2853    33.0224  0.000e+00
       4159  713005231     91.495     7.2794  33.774552      2.220    0.69040     7.2779    33.0273  0.000e+00
       4160  713007031     91.643     7.2806  33.774814      2.228    0.68964     7.2792    33.0264  0.000e+00
       4161  713008831     91.837     7.3054  33.779770      2.231    0.68923     7.3042    33.0080  0.000e+00
       4162  713010631     92.061     7.3015  33.778989      2.224    0.68984     7.3005    33.0108  0.000e+00
       4163  713012431     92.289     7.2885  33.777360      2.208    0.69146     7.2871    33.0213  0.000e+00
       4164  713014231     92.518     7.2785  33.775143      2.193    0.69290     7.2777    33.0284  0.000e+00
       4165  713016031     92.712     7.2567  33.770122      2.192    0.69316     7.2561    33.0436  0.000e+00
       4166  713017831     92.887     7.2549  33.769340      2.183    0.69397     7.2536    33.0444  0.000e+00
       4167  713019631     93.046     7.2324  33.763797      2.201    0.69250     7.2320    33.0597  0.000e+00
       4168  713021431     93.120     7.2314  33.763210      2.223    0.69052     7.2296    33.0600  0.000e+00
       4169  713023231     93.104     7.2009  33.753689      2.190    0.69377     7.1996    33.0789  0.000e+00
       4170  713025031     93.064     7.1854  33.750103      2.185    0.69430     7.1846    33.0898  0.000e+00
       4171  713026831     92.972     7.1829  33.748929      2.190    0.69384     7.1818    33.0911  0.000e+00
       4172  713028631     92.829     7.1774  33.745864      2.176    0.69524     7.1767    33.0930  0.000e+00
       4173  713030431     92.656     7.1762  33.745472      2.167    0.69602     7.1749    33.0938  0.000e+00
       4174  713032231     92.460     7.1768  33.745536      2.167    0.69607     7.1754    33.0934  0.000e+00
       4175  713034031     92.251     7.1734  33.744362      2.168    0.69600     7.1725    33.0955  0.000e+00
       4176  713035831     92.056     7.1734  33.744361      2.167    0.69610     7.1725    33.0956  0.000e+00
       4177  713037631     91.874     7.1917  33.751273      2.188    0.69394     7.1901    33.0857  0.000e+00
       4178  713039431     91.736     7.1900  33.750425      2.200    0.69293     7.1884    33.0865  0.000e+00
       4179  713041231     91.673     7.1902  33.749903      2.178    0.69491     7.1888    33.0857  0.000e+00
       4180  713043031     91.629     7.2314  33.762684      2.209    0.69179     7.2294    33.0602  0.000e+00
