tests/parsers_test_files/seabird/mctd/SBE37SMP-ODO-SDI12_03723671_2023_05_17_datcnv.cnv
* Sea-Bird SBE37SMP-ODO-SDI12  Data File:
* FileName = C:\Users\Chris\OneDrive\Desktop\CTD Data\DFO3\100m\SBE37SMP-ODO-SDI12_03723671_2023_05_17.hex
* Software version SeatermV2 2.8.0.119
* Temperature SN = 23671
* Conductivity SN = 23671
* System UpLoad Time = May 17 2023 13:31:55
* sample interval = 1800 seconds
* <ApplicationData>
# nquan = 10
# nvalues = 17861                                 
# units = specified
# name 0 = scan: Scan Count
# name 1 = timeK: Time, Instrument [seconds]
# name 2 = prdM: Pressure, Strain Gauge [db]
# name 3 = tv290C: Temperature [ITS-90, deg C]
# name 4 = cond0mS/cm: Conductivity [mS/cm]
# name 5 = sbeopoxML/L: Oxygen, SBE 63 [ml/l]
# name 6 = sbeoxpdv: Oxygen raw, SBE 63 phase delay [V]
# name 7 = sbeoxTC: Oxygen Temperature, SBE 63 [ITS-90, deg C]
# name 8 = sal00: Salinity, Practical [PSU]
# name 9 = flag:  0.000e+00
# span 0 =          1,      17861                 
# span 1 =  705520801,  737668801                 
# span 2 =     -0.130,     95.047                 
# span 3 =     7.1300,    26.2419                 
# span 4 =   0.000321,  36.385333                 
# span 5 =      1.094,      8.001                 
# span 6 =    0.39334,    0.82844                 
# span 7 =     7.1294,    25.9401                 
# span 8 =     0.0042,    33.1188                 
# span 9 = 0.0000e+00, 0.0000e+00                 
# interval = seconds: 1800
# start_time = May 10 2022 18:00:01 [Instrument's time stamp, first data scan]
# bad_flag = -9.990e-29
*END*
[from data line 2307]
       2308  709673431     93.245     7.3771  33.679208      2.943    0.63178     7.3760    32.8303  0.000e+00
       2309  709675231     93.350     7.3878  33.705933      2.900    0.63471     7.3869    32.8489  0.000e+00
       2310  709677031     93.394     7.3976  33.705998      2.878    0.63621     7.3960    32.8397  0.000e+00
       2311  709678831     93.357     7.3945  33.705281      2.878    0.63626     7.3921    32.8419  0.000e+00
       2312  709680631     93.264     7.3705  33.690224      2.884    0.63601     7.3714    32.8484  0.000e+00
       2313  709682431     93.136     7.3769  33.697459      2.885    0.63588     7.3755    32.8503  0.000e+00
       2314  709684231     92.935     7.3694  33.690549      2.886    0.63588     7.3690    32.8499  0.000e+00
       2315  709686031     92.724     7.3698  33.692765      2.884    0.63601     7.3675    32.8521  0.000e+00
       2316  709687831     92.538     7.3569  33.682141      2.894    0.63540     7.3567    32.8529  0.000e+00
       2317  709689631     92.344     7.3485  33.669367      2.909    0.63436     7.3477    32.8471  0.000e+00
       2318  709691431     92.165     7.3386  33.674973      2.910    0.63439     7.3381    32.8627  0.000e+00
       2319  709693231     92.066     7.3500  33.672625      2.913    0.63408     7.3486    32.8493  0.000e+00
       2320  709695031     91.996     7.3665  33.682203      2.914    0.63388     7.3648    32.8441  0.000e+00
       2321  709696831     91.960     7.3709  33.686570      2.911    0.63408     7.3695    32.8447  0.000e+00
       2322  709698631     92.029     7.3768  33.684614      2.918    0.63352     7.3755    32.8370  0.000e+00
       2323  709700431     92.202     7.3788  33.685331      2.926    0.63297     7.3775    32.8357  0.000e+00
       2324  709702231     92.422     7.3867  33.686113      2.932    0.63243     7.3856    32.8290  0.000e+00
       2325  709704031     92.662     7.3978  33.681616      2.944    0.63152     7.3963    32.8136  0.000e+00
       2326  709705831     92.948     7.4571  33.712771      2.936    0.63162     7.4550    32.7910  0.000e+00
       2327  709707631     93.239     7.3891  33.663827      2.953    0.63096     7.3896    32.8023  0.000e+00
       2328  709709431     93.511     7.4081  33.676142      2.968    0.62982     7.4062    32.7975  0.000e+00
       2329  709711231     93.760     7.3943  33.664870      2.969    0.62980     7.3938    32.7982  0.000e+00
       2330  709713031     93.958     7.3999  33.661612      2.981    0.62894     7.3991    32.7893  0.000e+00
       2331  709714831     94.088     7.4014  33.662069      2.984    0.62878     7.3992    32.7883  0.000e+00
       2332  709716631     94.170     7.3933  33.667544      2.976    0.62937     7.3928    32.8019  0.000e+00
       2333  709718431     94.171     7.3604  33.657186      2.966    0.63031     7.3606    32.8218  0.000e+00
       2334  709720231     94.068     7.3641  33.663376      2.954    0.63112     7.3627    32.8251  0.000e+00
       2335  709722031     93.896     7.3806  33.687162      2.938    0.63208     7.3795    32.8352  0.000e+00
       2336  709723831     93.632     7.3741  33.693028      2.915    0.63373     7.3741    32.8478  0.000e+00
       2337  709725631     93.300     7.3706  33.692506      2.903    0.63461     7.3698    32.8507  0.000e+00
       2338  709727431     92.947     7.3573  33.681882      2.900    0.63494     7.3560    32.8521  0.000e+00
       2339  709729231     92.543     7.3593  33.672821      2.913    0.63401     7.3583    32.8405  0.000e+00
       2340  709731031     92.107     7.3933  33.707233      2.899    0.63474     7.3910    32.8458  0.000e+00
       2341  709732831     91.717     7.3890  33.695367      2.903    0.63451     7.3884    32.8372  0.000e+00
       2342  709734631     91.366     7.3615  33.688003      2.900    0.63489     7.3614    32.8555  0.000e+00
       2343  709736431     91.052     7.3619  33.688328      2.888    0.63578     7.3613    32.8556  0.000e+00
       2344  709738231     90.825     7.4029  33.692169      2.908    0.63406     7.4011    32.8210  0.000e+00
       2345  709740031     90.660     7.4314  33.685060      2.945    0.63124     7.4294    32.7865  0.000e+00
       2346  709741831     90.575     7.4484  33.688969      2.965    0.62972     7.4460    32.7746  0.000e+00
       2347  709743631     90.591     7.4458  33.668243      2.981    0.62861     7.4450    32.7546  0.000e+00
       2348  709745431     90.678     7.4366  33.676000      2.984    0.62843     7.4358    32.7717  0.000e+00
       2349  709747231     90.835     7.4330  33.678217      2.978    0.62891     7.4320    32.7774  0.000e+00
       2350  709749031     91.095     7.4234  33.680109      2.969    0.62962     7.4226    32.7884  0.000e+00
       2351  709750831     91.409     7.4275  33.676851      2.966    0.62980     7.4260    32.7809  0.000e+00
       2352  709752631     91.749     7.4267  33.677894      2.965    0.62982     7.4256    32.7826  0.000e+00
       2353  709754431     92.110     7.4123  33.687609      2.955    0.63063     7.4116    32.8066  0.000e+00
       2354  709756231     92.469     7.4188  33.686566      2.952    0.63084     7.4173    32.7991  0.000e+00
       2355  709758031     92.830     7.4171  33.710232      2.924    0.63279     7.4177    32.8261  0.000e+00
       2356  709759831     93.114     7.3917  33.696740      2.907    0.63416     7.3914    32.8354  0.000e+00
       2357  709761631     93.296     7.3749  33.695048      2.898    0.63497     7.3742    32.8495  0.000e+00
       2358  709763431     93.424     7.3601  33.694333      2.879    0.63641     7.3592    32.8627  0.000e+00
       2359  709765231     93.493     7.3581  33.692052      2.876    0.63664     7.3571    32.8620  0.000e+00
       2360  709767031     93.462     7.3375  33.684297      2.874    0.63695     7.3378    32.8732  0.000e+00
       2361  709768831     93.372     7.3318  33.690294      2.864    0.63776     7.3309    32.8852  0.000e+00
       2362  709770631     93.257     7.3496  33.726216      2.818    0.64090     7.3479    32.9072  0.000e+00
       2363  709772431     93.081     7.3358  33.724130      2.795    0.64270     7.3348    32.9181  0.000e+00
       2364  709774231     92.858     7.3389  33.723346      2.796    0.64265     7.3375    32.9144  0.000e+00
       2365  709776031     92.637     7.3376  33.722368      2.797    0.64255     7.3367    32.9147  0.000e+00
       2366  709777831     92.446     7.3432  33.725170      2.796    0.64262     7.3420    32.9126  0.000e+00
       2367  709779631     92.271     7.3451  33.721387      2.802    0.64217     7.3439    32.9067  0.000e+00
       2368  709781431     92.124     7.3669  33.722950      2.815    0.64105     7.3655    32.8878  0.000e+00
       2369  709783231     92.027     7.3604  33.721189      2.819    0.64077     7.3588    32.8921  0.000e+00
       2370  709785031     91.994     7.3698  33.711147      2.845    0.63882     7.3684    32.8723  0.000e+00
       2371  709786831     92.049     7.3764  33.718905      2.853    0.63816     7.3755    32.8744  0.000e+00
       2372  709788631     92.179     7.3773  33.721318      2.844    0.63885     7.3765    32.8761  0.000e+00
       2373  709790431     92.373     7.3828  33.721579      2.846    0.63864     7.3819    32.8711  0.000e+00
       2374  709792231     92.604     7.3941  33.719883      2.852    0.63809     7.3930    32.8585  0.000e+00
       2375  709794031     92.881     7.4427  33.734682      2.859    0.63722     7.4411    32.8283  0.000e+00
       2376  709795831     93.181     7.4349  33.734880      2.858    0.63740     7.4340    32.8357  0.000e+00
       2377  709797631     93.475     7.4221  33.725100      2.868    0.63679     7.4192    32.8372  0.000e+00
       2378  709799431     93.733     7.4076  33.721125      2.874    0.63646     7.4067    32.8464  0.000e+00
       2379  709801231     93.947     7.4425  33.738533      2.864    0.63689     7.4409    32.8322  0.000e+00
       2380  709803031     94.106     7.4079  33.724321      2.862    0.63727     7.4072    32.8494  0.000e+00
       2381  709804831     94.207     7.4088  33.724843      2.863    0.63720     7.4072    32.8491  0.000e+00
       2382  709806631     94.214     7.4092  33.741082      2.837    0.63910     7.4070    32.8663  0.000e+00
       2383  709808431     94.125     7.4140  33.743103      2.814    0.64072     7.4121    32.8640  0.000e+00
       2384  709810231     93.976     7.3894  33.738605      2.800    0.64194     7.3896    32.8825  0.000e+00
       2385  709812031     93.722     7.3899  33.740886      2.787    0.64295     7.3888    32.8846  0.000e+00
       2386  709813831     93.389     7.3873  33.745777      2.774    0.64386     7.3862    32.8926  0.000e+00
       2387  709815631     93.030     7.3923  33.742645      2.775    0.64381     7.3906    32.8846  0.000e+00
       2388  709817431     92.630     7.3921  33.741404      2.783    0.64318     7.3908    32.8836  0.000e+00
       2389  709819231     92.204     7.3737  33.733383      2.785    0.64313     7.3739    32.8926  0.000e+00
       2390  709821031     91.816     7.3893  33.739119      2.786    0.64295     7.3882    32.8842  0.000e+00
       2391  709822831     91.439     7.4073  33.738855      2.799    0.64189     7.4063    32.8670  0.000e+00
       2392  709824631     91.089     7.4106  33.730310      2.829    0.63966     7.4090    32.8548  0.000e+00
       2393  709826431     90.842     7.4075  33.731158      2.838    0.63905     7.4066    32.8587  0.000e+00
       2394  709828231     90.687     7.4226  33.730569      2.846    0.63829     7.4215    32.8439  0.000e+00
       2395  709830031     90.571     7.4255  33.728677      2.859    0.63738     7.4243    32.8391  0.000e+00
       2396  709831831     90.582     7.4287  33.726720      2.867    0.63674     7.4276    32.8340  0.000e+00
       2397  709833631     90.684     7.4303  33.717395      2.887    0.63535     7.4293    32.8223  0.000e+00
       2398  709835431     90.833     7.4421  33.723524      2.890    0.63499     7.4405    32.8177  0.000e+00
       2399  709837231     91.078     7.4730  33.735456      2.881    0.63542     7.4716    32.8013  0.000e+00
       2400  709839031     91.411     7.4493  33.727894      2.884    0.63532     7.4521    32.8154  0.000e+00
       2401  709840831     91.755     7.4417  33.723397      2.886    0.63532     7.4409    32.8176  0.000e+00
       2402  709842631     92.106     7.4479  33.726527      2.885    0.63532     7.4462    32.8150  0.000e+00
       2403  709844431     92.477     7.4298  33.726922      2.877    0.63601     7.4296    32.8323  0.000e+00
       2404  709846231     92.822     7.4165  33.736250      2.849    0.63814     7.4165    32.8549  0.000e+00
       2405  709848031     93.110     7.4264  33.732663      2.848    0.63814     7.4253    32.8414  0.000e+00
       2406  709849831     93.329     7.4162  33.739447      2.836    0.63907     7.4154    32.8583  0.000e+00
       2407  709851631     93.463     7.4137  33.740492      2.823    0.64009     7.4133    32.8617  0.000e+00
       2408  709853431     93.529     7.4139  33.742840      2.815    0.64070     7.4124    32.8641  0.000e+00
       2409  709855231     93.536     7.4059  33.747015      2.797    0.64201     7.4052    32.8762  0.000e+00
       2410  709857031     93.458     7.4027  33.746298      2.786    0.64293     7.4015    32.8785  0.000e+00
       2411  709858831     93.322     7.3763  33.732082      2.791    0.64272     7.3758    32.8881  0.000e+00
       2412  709860631     93.153     7.3902  33.738276      2.792    0.64255     7.3888    32.8818  0.000e+00
       2413  709862431     92.935     7.3852  33.737689      2.788    0.64285     7.3843    32.8860  0.000e+00
       2414  709864231     92.706     7.3863  33.734166      2.796    0.64224     7.3853    32.8812  0.000e+00
       2415  709866031     92.491     7.3873  33.733317      2.806    0.64156     7.3862    32.8795  0.000e+00
       2416  709867831     92.293     7.3816  33.735730      2.800    0.64201     7.3807    32.8876  0.000e+00
       2417  709869631     92.135     7.3818  33.734099      2.798    0.64214     7.3807    32.8857  0.000e+00
       2418  709871431     92.039     7.3956  33.729532      2.815    0.64082     7.3942    32.8677  0.000e+00
       2419  709873231     91.996     7.3968  33.729793      2.827    0.63994     7.3956    32.8669  0.000e+00
       2420  709875031     92.030     7.4200  33.740160      2.820    0.64021     7.4187    32.8560  0.000e+00
       2421  709876831     92.155     7.4278  33.718509      2.863    0.63710     7.4265    32.8252  0.000e+00
       2422  709878631     92.339     7.4384  33.715705      2.899    0.63444     7.4371    32.8121  0.000e+00
       2423  709880431     92.579     7.4342  33.713033      2.907    0.63388     7.4333    32.8131  0.000e+00
       2424  709882231     92.849     7.4287  33.717337      2.900    0.63439     7.4278    32.8228  0.000e+00
       2425  709884031     93.137     7.4291  33.722816      2.887    0.63535     7.4283    32.8282  0.000e+00
       2426  709885831     93.439     7.4216  33.728230      2.868    0.63672     7.4210    32.8410  0.000e+00
       2427  709887631     93.717     7.4293  33.723209      2.871    0.63646     7.4281    32.8281  0.000e+00
       2428  709889431     93.935     7.4282  33.719102      2.887    0.63535     7.4274    32.8246  0.000e+00
       2429  709891231     94.098     7.4279  33.719624      2.888    0.63527     7.4262    32.8255  0.000e+00
       2430  709893031     94.189     7.4343  33.715385      2.899    0.63446     7.4333    32.8148  0.000e+00
       2431  709894831     94.192     7.4165  33.724842      2.880    0.63593     7.4157    32.8418  0.000e+00
       2432  709896631     94.144     7.4070  33.735668      2.841    0.63880     7.4067    32.8625  0.000e+00
       2433  709898431     93.990     7.4018  33.728299      2.835    0.63930     7.4004    32.8596  0.000e+00
       2434  709900231     93.732     7.4025  33.730124      2.838    0.63905     7.4014    32.8610  0.000e+00
       2435  709902031     93.429     7.4015  33.735145      2.827    0.63989     7.4008    32.8676  0.000e+00
       2436  709903831     93.088     7.4097  33.733186      2.827    0.63983     7.4085    32.8578  0.000e+00
       2437  709905631     92.708     7.4096  33.741664      2.815    0.64067     7.4090    32.8673  0.000e+00
       2438  709907431     92.292     7.3966  33.748578      2.784    0.64305     7.3958    32.8872  0.000e+00
       2439  709909231     91.862     7.4094  33.748444      2.778    0.64343     7.4081    32.8751  0.000e+00
       2440  709911031     91.475     7.4141  33.731355      2.813    0.64082     7.4123    32.8524  0.000e+00
       2441  709912831     91.151     7.4297  33.732004      2.847    0.63824     7.4279    32.8385  0.000e+00
       2442  709914631     90.876     7.4362  33.707355      2.892    0.63492     7.4346    32.8058  0.000e+00
       2443  709916431     90.673     7.4225  33.700184      2.916    0.63330     7.4213    32.8112  0.000e+00
       2444  709918231     90.573     7.4114  33.702597      2.908    0.63393     7.4103    32.8243  0.000e+00
       2445  709920031     90.559     7.3984  33.665120      2.937    0.63205     7.3983    32.7961  0.000e+00
       2446  709921831     90.633     7.4056  33.674048      2.956    0.63061     7.4046    32.7990  0.000e+00
       2447  709923631     90.810     7.4097  33.684607      2.949    0.63112     7.4081    32.8064  0.000e+00
       2448  709925431     91.045     7.4181  33.690734      2.935    0.63200     7.4160    32.8050  0.000e+00
       2449  709927231     91.336     7.4018  33.654762      2.956    0.63069     7.4008    32.7813  0.000e+00
       2450  709929031     91.674     7.4233  33.690409      2.951    0.63086     7.4213    32.7994  0.000e+00
