tests/parsers_test_files/seabird/mctd/SBE37SMP-ODO-SDI12_03723671_2023_05_17_datcnv.cnv
* Sea-Bird SBE37SMP-ODO-SDI12  Data File:
* FileName = C:\Users\Chris\OneDrive\Desktop\CTD Data\DFO3\100m\SBE37SMP-ODO-SDI12_03723671_2023_05_17.hex
* Software version SeatermV2 2.8.0.119
* Temperature SN = 23671
* Conductivity SN = 23671
* System UpLoad Time = May 17 2023 13:31:55
* sample interval = 1800 seconds
* <ApplicationData>
# nquan = 10
# nvalues = 17861                                 
# units = specified
# name 0 = scan: Scan Count
# name 1 = timeK: Time, Instrument [seconds]
# name 2 = prdM: Pressure, Strain Gauge [db]
# name 3 = tv290C: Temperature [ITS-90, deg C]
# name 4 = cond0mS/cm: Conductivity [mS/cm]
# name 5 = sbeopoxML/L: Oxygen, SBE 63 [ml/l]
# name 6 = sbeoxpdv: Oxygen raw, SBE 63 phase delay [V]
# name 7 = sbeoxTC: Oxygen Temperature, SBE 63 [ITS-90, deg C]
# name 8 = sal00: Salinity, Practical [PSU]
# name 9 = flag:  0.000e+00
# span 0 =          1,      17861                 
# span 1 =  705520801,  737668801                 
# span 2 =     -0.130,     95.047                 
# span 3 =     7.1300,    26.2419                 
# span 4 =   0.000321,  36.385333                 
# span 5 =      1.094,      8.001                 
# span 6 =    0.39334,    0.82844                 
# span 7 =     7.1294,    25.9401                 
# span 8 =     0.0042,    33.1188                 
# span 9 = 0.0000e+00, 0.0000e+00                 
# interval = seconds: 1800
# start_time = May 10 2022 18:00:01 [Instrument's time stamp, first data scan]
# bad_flag = -9.990e-29
*END*
[from data line 3172]
       3173  711230431     92.643     7.4140  33.765342      2.684    0.65050     7.4135    32.8887  0.000e+00
       3174  711232231     93.112     7.3859  33.750864      2.659    0.65271     7.3850    32.8995  0.000e+00
       3175  711234031     93.491     7.3861  33.776635      2.594    0.65773     7.3859    32.9270  0.000e+00
       3176  711235831     93.738     7.3566  33.767570      2.543    0.66206     7.3548    32.9451  0.000e+00
       3177  711237631     93.898     7.2926  33.743180      2.546    0.66229     7.2914    32.9796  0.000e+00
       3178  711239431     93.985     7.3036  33.749506      2.542    0.66257     7.3011    32.9759  0.000e+00
       3179  711241231     93.941     7.2654  33.726944      2.561    0.66135     7.2653    32.9878  0.000e+00
       3180  711243031     93.773     7.2761  33.733268      2.565    0.66095     7.2752    32.9846  0.000e+00
       3181  711244831     93.562     7.2397  33.715013      2.576    0.66031     7.2392    32.9996  0.000e+00
       3182  711246631     93.266     7.2374  33.714360      2.586    0.65953     7.2372    33.0012  0.000e+00
       3183  711248431     92.896     7.2720  33.730396      2.578    0.65991     7.2704    32.9858  0.000e+00
       3184  711250231     92.556     7.3321  33.759805      2.547    0.66199     7.3286    32.9606  0.000e+00
       3185  711252031     92.239     7.3363  33.760587      2.534    0.66292     7.3344    32.9576  0.000e+00
       3186  711253831     91.930     7.3652  33.766519      2.543    0.66199     7.3632    32.9367  0.000e+00
       3187  711255631     91.674     7.3947  33.772126      2.557    0.66064     7.3927    32.9148  0.000e+00
       3188  711257431     91.518     7.4037  33.722618      2.668    0.65185     7.4031    32.8528  0.000e+00
       3189  711259231     91.452     7.5021  33.713543      2.799    0.64125     7.4990    32.7501  0.000e+00
       3190  711261031     91.491     7.4722  33.719350      2.824    0.63958     7.4734    32.7845  0.000e+00
       3191  711262831     91.634     7.4475  33.720005      2.801    0.64146     7.4493    32.8085  0.000e+00
       3192  711264631     91.874     7.5123  33.722868      2.814    0.64009     7.5127    32.7503  0.000e+00
       3193  711266431     92.182     7.5146  33.744781      2.792    0.64168     7.5124    32.7715  0.000e+00
       3194  711268231     92.545     7.3993  33.722947      2.757    0.64511     7.3998    32.8568  0.000e+00
       3195  711270031     92.955     7.3706  33.724060      2.732    0.64724     7.3705    32.8851  0.000e+00
       3196  711271831     93.374     7.3593  33.730323      2.701    0.64967     7.3585    32.9024  0.000e+00
       3197  711273631     93.762     7.3539  33.721652      2.691    0.65048     7.3536    32.8980  0.000e+00
       3198  711275431     94.097     7.3498  33.735805      2.671    0.65202     7.3492    32.9170  0.000e+00
       3199  711277231     94.363     7.3553  33.740240      2.652    0.65347     7.3542    32.9165  0.000e+00
       3200  711279031     94.537     7.3526  33.739067      2.650    0.65362     7.3519    32.9176  0.000e+00
       3201  711280831     94.603     7.3453  33.766856      2.589    0.65849     7.3448    32.9547  0.000e+00
       3202  711282631     94.539     7.3212  33.746832      2.585    0.65899     7.3225    32.9560  0.000e+00
       3203  711284431     94.379     7.3203  33.746310      2.603    0.65758     7.3193    32.9563  0.000e+00
       3204  711286231     94.115     7.3524  33.736913      2.632    0.65502     7.3512    32.9157  0.000e+00
       3205  711288031     93.742     7.3665  33.759088      2.616    0.65621     7.3660    32.9265  0.000e+00
       3206  711289831     93.284     7.3618  33.738475      2.632    0.65499     7.3611    32.9089  0.000e+00
       3207  711291631     92.776     7.3662  33.719365      2.676    0.65152     7.3645    32.8843  0.000e+00
       3208  711293431     92.251     7.3716  33.718320      2.694    0.65010     7.3700    32.8782  0.000e+00
       3209  711295231     91.735     7.3843  33.718121      2.703    0.64931     7.3842    32.8663  0.000e+00
       3210  711297031     91.223     7.4104  33.724377      2.712    0.64848     7.4077    32.8485  0.000e+00
       3211  711298831     90.761     7.4082  33.724962      2.717    0.64802     7.4082    32.8514  0.000e+00
       3212  711300631     90.410     7.4040  33.722158      2.719    0.64797     7.4038    32.8525  0.000e+00
       3213  711302431     90.165     7.4947  33.734146      2.767    0.64369     7.4940    32.7798  0.000e+00
       3214  711304231     90.011     7.4914  33.741450      2.783    0.64247     7.4906    32.7908  0.000e+00
       3215  711306031     89.973     7.5311  33.740533      2.792    0.64156     7.5274    32.7525  0.000e+00
       3216  711307831     90.072     7.6065  33.747113      2.818    0.63907     7.6026    32.6886  0.000e+00
       3217  711309631     90.292     7.6172  33.739285      2.853    0.63644     7.6158    32.6699  0.000e+00
       3218  711311431     90.607     7.6089  33.746723      2.851    0.63659     7.6084    32.6856  0.000e+00
       3219  711313231     91.008     7.5751  33.753120      2.820    0.63910     7.5745    32.7241  0.000e+00
       3220  711315031     91.465     7.5607  33.763691      2.786    0.64174     7.5591    32.7488  0.000e+00
       3221  711316831     91.954     7.5260  33.756716      2.773    0.64298     7.5266    32.7738  0.000e+00
       3222  711318631     92.466     7.4261  33.728748      2.756    0.64498     7.4287    32.8378  0.000e+00
       3223  711320431     92.936     7.3354  33.720412      2.702    0.64972     7.3369    32.9146  0.000e+00
       3224  711322231     93.340     7.3248  33.722502      2.676    0.65182     7.3250    32.9267  0.000e+00
       3225  711324031     93.657     7.3355  33.749502      2.623    0.65588     7.3341    32.9457  0.000e+00
       3226  711325831     93.874     7.3167  33.744678      2.601    0.65770     7.3163    32.9582  0.000e+00
       3227  711327631     93.981     7.3084  33.738418      2.613    0.65684     7.3076    32.9593  0.000e+00
       3228  711329431     93.985     7.2918  33.731506      2.619    0.65651     7.2918    32.9675  0.000e+00
       3229  711331231     93.885     7.2717  33.728835      2.599    0.65826     7.2708    32.9839  0.000e+00
       3230  711333031     93.715     7.2695  33.727530      2.589    0.65907     7.2687    32.9846  0.000e+00
       3231  711334831     93.463     7.2760  33.728181      2.595    0.65851     7.2749    32.9793  0.000e+00
       3232  711336631     93.103     7.2828  33.730526      2.600    0.65808     7.2813    32.9755  0.000e+00
       3233  711338431     92.734     7.2971  33.731176      2.617    0.65659     7.2957    32.9628  0.000e+00
       3234  711340231     92.408     7.3262  33.748455      2.603    0.65747     7.3255    32.9539  0.000e+00
       3235  711342031     92.091     7.3399  33.720801      2.635    0.65496     7.3363    32.9111  0.000e+00
       3236  711343831     91.797     7.3683  33.726013      2.679    0.65129     7.3666    32.8899  0.000e+00
       3237  711345631     91.593     7.3710  33.725295      2.689    0.65050     7.3699    32.8867  0.000e+00
       3238  711347431     91.451     7.4379  33.743287      2.702    0.64909     7.4283    32.8428  0.000e+00
       3239  711349231     91.391     7.4882  33.744716      2.740    0.64571     7.4865    32.7968  0.000e+00
       3240  711351031     91.460     7.5320  33.747778      2.765    0.64359     7.5280    32.7587  0.000e+00
       3241  711352831     91.629     7.5381  33.699523      2.847    0.63753     7.5368    32.7009  0.000e+00
       3242  711354631     91.854     7.5280  33.728409      2.846    0.63760     7.5277    32.7415  0.000e+00
       3243  711356431     92.151     7.4970  33.732065      2.808    0.64062     7.4980    32.7745  0.000e+00
       3244  711358231     92.522     7.4929  33.693664      2.831    0.63902     7.4911    32.7368  0.000e+00
       3245  711360031     92.916     7.4536  33.731225      2.802    0.64133     7.4530    32.8142  0.000e+00
       3246  711361831     93.290     7.3995  33.713169      2.749    0.64577     7.3991    32.8457  0.000e+00
       3247  711363631     93.646     7.4001  33.711410      2.737    0.64663     7.3989    32.8431  0.000e+00
       3248  711365431     93.949     7.3992  33.714084      2.737    0.64668     7.3984    32.8467  0.000e+00
       3249  711367231     94.151     7.3691  33.714218      2.715    0.64855     7.3687    32.8753  0.000e+00
       3250  711369031     94.269     7.3292  33.717027      2.676    0.65180     7.3288    32.9162  0.000e+00
       3251  711370831     94.318     7.3489  33.746959      2.624    0.65570     7.3480    32.9299  0.000e+00
       3252  711372631     94.254     7.3516  33.749567      2.602    0.65742     7.3490    32.9302  0.000e+00
       3253  711374431     94.076     7.3520  33.755698      2.580    0.65917     7.3512    32.9364  0.000e+00
       3254  711376231     93.779     7.3256  33.718917      2.613    0.65676     7.3261    32.9219  0.000e+00
       3255  711378031     93.410     7.3554  33.714674      2.663    0.65266     7.3528    32.8892  0.000e+00
       3256  711379831     93.006     7.3552  33.713890      2.678    0.65152     7.3513    32.8887  0.000e+00
       3257  711381631     92.538     7.3627  33.715453      2.686    0.65076     7.3616    32.8834  0.000e+00
       3258  711383431     92.040     7.3638  33.715190      2.690    0.65045     7.3624    32.8824  0.000e+00
       3259  711385231     91.575     7.3859  33.724119      2.692    0.65015     7.3843    32.8712  0.000e+00
       3260  711387031     91.124     7.3988  33.714010      2.708    0.64883     7.4000    32.8484  0.000e+00
       3261  711388831     90.728     7.4063  33.705467      2.736    0.64668     7.4049    32.8322  0.000e+00
       3262  711390631     90.446     7.4425  33.693727      2.779    0.64321     7.4399    32.7854  0.000e+00
       3263  711392431     90.271     7.4524  33.691901      2.811    0.64072     7.4519    32.7742  0.000e+00
       3264  711394231     90.198     7.4832  33.683749      2.852    0.63750     7.4828    32.7363  0.000e+00
       3265  711396031     90.248     7.5120  33.653378      2.931    0.63170     7.5110    32.6764  0.000e+00
       3266  711397831     90.413     7.5488  33.628424      3.025    0.62486     7.5480    32.6149  0.000e+00
       3267  711399631     90.672     7.5585  33.620868      3.071    0.62166     7.5572    32.5975  0.000e+00
       3268  711401431     91.013     7.5429  33.633637      3.060    0.62255     7.5423    32.6258  0.000e+00
       3269  711403231     91.424     7.5240  33.646605      3.017    0.62562     7.5236    32.6573  0.000e+00
       3270  711405031     91.895     7.4927  33.670198      2.950    0.63046     7.4925    32.7119  0.000e+00
       3271  711406831     92.355     7.4525  33.692364      2.867    0.63662     7.4529    32.7736  0.000e+00
       3272  711408631     92.781     7.4214  33.703842      2.794    0.64219     7.4210    32.8152  0.000e+00
       3273  711410431     93.188     7.4012  33.715581      2.742    0.64622     7.4010    32.8467  0.000e+00
       3274  711412231     93.551     7.3690  33.712847      2.711    0.64881     7.3681    32.8742  0.000e+00
       3275  711414031     93.807     7.3469  33.721457      2.689    0.65066     7.3469    32.9043  0.000e+00
       3276  711415831     93.959     7.3241  33.745656      2.629    0.65545     7.3227    32.9522  0.000e+00
       3277  711417631     94.006     7.3095  33.717289      2.441    0.67088     7.3105    32.9353  0.000e+00
       3278  711419431     93.948     7.3208  33.746243      2.590    0.65856     7.3198    32.9559  0.000e+00
       3279  711421231     93.832     7.3283  33.749503      2.587    0.65874     7.3268    32.9525  0.000e+00
       3280  711423031     93.629     7.3274  33.746763      2.490    0.66667     7.3266    32.9504  0.000e+00
       3281  711424831     93.302     7.3314  33.749892      2.574    0.65981     7.3302    32.9502  0.000e+00
       3282  711426631     92.952     7.3090  33.717677      2.603    0.65763     7.3093    32.9367  0.000e+00
       3283  711428431     92.655     7.3477  33.721388      2.646    0.65403     7.3461    32.9040  0.000e+00
       3284  711430231     92.339     7.3537  33.715714      2.671    0.65200     7.3523    32.8924  0.000e+00
       3285  711432031     91.999     7.3631  33.715125      2.683    0.65101     7.3615    32.8830  0.000e+00
       3286  711433831     91.736     7.3780  33.707559      2.703    0.64939     7.3779    32.8608  0.000e+00
       3287  711435631     91.569     7.3952  33.713686      2.716    0.64825     7.3936    32.8512  0.000e+00
       3288  711437431     91.435     7.4033  33.719618      2.716    0.64815     7.4031    32.8500  0.000e+00
       3289  711439231     91.369     7.4490  33.692752      2.780    0.64308     7.4480    32.7777  0.000e+00
       3290  711441031     91.442     7.4659  33.673718      2.860    0.63707     7.4643    32.7413  0.000e+00
       3291  711442831     91.615     7.4703  33.670069      2.894    0.63459     7.4690    32.7331  0.000e+00
       3292  711444631     91.852     7.4972  33.654427      2.937    0.63137     7.4960    32.6908  0.000e+00
       3293  711446431     92.137     7.5016  33.648694      2.972    0.62886     7.5007    32.6803  0.000e+00
       3294  711448231     92.459     7.5024  33.650520      2.978    0.62843     7.5023    32.6813  0.000e+00
       3295  711450031     92.808     7.4999  33.653648      2.974    0.62878     7.4986    32.6869  0.000e+00
       3296  711451831     93.135     7.4718  33.665186      2.939    0.63140     7.4712    32.7256  0.000e+00
       3297  711453631     93.446     7.4274  33.682136      2.868    0.63674     7.4269    32.7857  0.000e+00
       3298  711455431     93.695     7.4192  33.685918      2.824    0.64006     7.4185    32.7975  0.000e+00
       3299  711457231     93.872     7.3778  33.720672      2.753    0.64554     7.3783    32.8741  0.000e+00
       3300  711459031     93.960     7.3595  33.717544      2.697    0.65000     7.3589    32.8881  0.000e+00
       3301  711460831     93.991     7.3396  33.716438      2.681    0.65134     7.3390    32.9058  0.000e+00
       3302  711462631     93.928     7.3394  33.717416      2.677    0.65167     7.3387    32.9071  0.000e+00
       3303  711464431     93.733     7.3281  33.717547      2.668    0.65241     7.3282    32.9180  0.000e+00
       3304  711466231     93.428     7.3302  33.716111      2.665    0.65266     7.3294    32.9147  0.000e+00
       3305  711468031     93.112     7.3271  33.716176      2.663    0.65284     7.3265    32.9178  0.000e+00
       3306  711469831     92.750     7.3436  33.715325      2.667    0.65238     7.3420    32.9013  0.000e+00
       3307  711471631     92.317     7.3868  33.721839      2.688    0.65048     7.3844    32.8676  0.000e+00
       3308  711473431     91.884     7.4019  33.723401      2.706    0.64898     7.4011    32.8552  0.000e+00
       3309  711475231     91.499     7.3992  33.724053      2.711    0.64863     7.3982    32.8586  0.000e+00
       3310  711477031     91.139     7.4088  33.719095      2.720    0.64784     7.4070    32.8443  0.000e+00
       3311  711478831     90.873     7.4080  33.688844      2.771    0.64399     7.4106    32.8125  0.000e+00
       3312  711480631     90.684     7.4819  33.658791      2.879    0.63565     7.4797    32.7104  0.000e+00
       3313  711482431     90.566     7.4908  29.954633      3.027    0.63051     7.4893    28.7428  0.000e+00
       3314  711484231     90.568     7.4915  33.647648      2.838    0.63854     7.4907    32.6894  0.000e+00
       3315  711486031     90.685     7.5075  33.619115      2.990    0.62764     7.5058    32.6435  0.000e+00
