tests/parsers_test_files/seabird/mctd/SBE37SMP-ODO-SDI12_03723671_2023_05_17_datcnv.cnv
* Sea-Bird SBE37SMP-ODO-SDI12  Data File:
* FileName = C:\Users\Chris\OneDrive\Desktop\CTD Data\DFO3\100m\SBE37SMP-ODO-SDI12_03723671_2023_05_17.hex
* Software version SeatermV2 2.8.0.119
* Temperature SN = 23671
* Conductivity SN = 23671
* System UpLoad Time = May 17 2023 13:31:55
* sample interval = 1800 seconds
* <ApplicationData>
# nquan = 10
# nvalues = 17861                                 
# units = specified
# name 0 = scan: Scan Count
# name 1 = timeK: Time, Instrument [seconds]
# name 2 = prdM: Pressure, Strain Gauge [db]
# name 3 = tv290C: Temperature [ITS-90, deg C]
# name 4 = cond0mS/cm: Conductivity [mS/cm]
# name 5 = sbeopoxML/L: Oxygen, SBE 63 [ml/l]
# name 6 = sbeoxpdv: Oxygen raw, SBE 63 phase delay [V]
# name 7 = sbeoxTC: Oxygen Temperature, SBE 63 [ITS-90, deg C]
# name 8 = sal00: Salinity, Practical [PSU]
# name 9 = flag:  0.000e+00
# span 0 =          1,      17861                 
# span 1 =  705520801,  737668801                 
# span 2 =     -0.130,     95.047                 
# span 3 =     7.1300,    26.2419                 
# span 4 =   0.000321,  36.385333                 
# span 5 =      1.094,      8.001                 
# span 6 =    0.39334,    0.82844                 
# span 7 =     7.1294,    25.9401                 
# span 8 =     0.0042,    33.1188                 
# span 9 = 0.0000e+00, 0.0000e+00                 
# interval = seconds: 1800
# start_time = May 10 2022 18:00:01 [Instrument's time stamp, first data scan]
# bad_flag = -9.990e-29
*END*
[from data line 5910]
       5911  716158831     94.198     7.2795  33.693301      2.257    0.68720     7.2788    32.9378  0.000e+00
       5912  716160631     94.120     7.2382  33.748731      2.167    0.69562     7.2379    33.0374  0.000e+00
       5913  716162431     93.925     7.2088  33.751212      2.092    0.70297     7.2085    33.0683  0.000e+00
       5914  716164231     93.637     7.2038  33.751147      2.071    0.70502     7.2029    33.0731  0.000e+00
       5915  716166031     93.255     7.1823  33.745277      2.061    0.70608     7.1813    33.0875  0.000e+00
       5916  716167831     92.808     7.1755  33.742994      2.055    0.70672     7.1755    33.0917  0.000e+00
       5917  716169631     92.365     7.2054  33.750425      2.060    0.70603     7.2038    33.0714  0.000e+00
       5918  716171431     91.940     7.2095  33.751206      2.065    0.70548     7.2085    33.0685  0.000e+00
       5919  716173231     91.531     7.2154  33.752965      2.068    0.70522     7.2147    33.0650  0.000e+00
       5920  716175031     91.204     7.2434  33.726090      2.122    0.69980     7.2422    33.0092  0.000e+00
       5921  716176831     90.970     7.2591  33.700659      2.185    0.69382     7.2577    32.9667  0.000e+00
       5922  716178631     90.830     7.2742  33.694073      2.215    0.69095     7.2723    32.9453  0.000e+00
       5923  716180431     90.820     7.2718  33.696876      2.226    0.69002     7.2706    32.9505  0.000e+00
       5924  716182231     90.930     7.3437  33.664802      2.298    0.68307     7.3405    32.8474  0.000e+00
       5925  716184031     91.135     7.3398  33.665780      2.343    0.67917     7.3384    32.8520  0.000e+00
       5926  716185831     91.437     7.3740  33.656264      2.373    0.67636     7.3723    32.8093  0.000e+00
       5927  716187631     91.824     7.3985  33.643883      2.415    0.67260     7.3963    32.7725  0.000e+00
       5928  716189431     92.263     7.3846  33.653203      2.414    0.67278     7.3834    32.7955  0.000e+00
       5929  716191231     92.731     7.3868  33.653269      2.405    0.67347     7.3857    32.7932  0.000e+00
       5930  716193031     93.198     7.3698  33.668716      2.394    0.67453     7.3695    32.8259  0.000e+00
       5931  716194831     93.616     7.3904  33.652425      2.402    0.67374     7.3890    32.7886  0.000e+00
       5932  716196631     93.984     7.3370  33.676282      2.365    0.67729     7.3366    32.8647  0.000e+00
       5933  716198431     94.257     7.3122  33.689712      2.307    0.68251     7.3114    32.9027  0.000e+00
       5934  716200231     94.421     7.2871  33.695648      2.267    0.68619     7.2865    32.9330  0.000e+00
       5935  716202031     94.441     7.2832  33.697017      2.248    0.68794     7.2825    32.9381  0.000e+00
       5936  716203831     94.347     7.2713  33.699691      2.234    0.68933     7.2707    32.9524  0.000e+00
       5937  716205631     94.136     7.2462  33.733599      2.181    0.69425     7.2463    33.0133  0.000e+00
       5938  716207431     93.813     7.2315  33.740904      2.131    0.69909     7.2308    33.0354  0.000e+00
       5939  716209231     93.387     7.2552  33.724661      2.152    0.69691     7.2536    32.9954  0.000e+00
       5940  716211031     92.909     7.2442  33.732225      2.154    0.69678     7.2433    33.0143  0.000e+00
       5941  716212831     92.413     7.2457  33.730398      2.149    0.69724     7.2447    33.0111  0.000e+00
       5942  716214631     91.902     7.2426  33.731049      2.145    0.69769     7.2419    33.0150  0.000e+00
       5943  716216431     91.414     7.2339  33.738874      2.128    0.69934     7.2334    33.0320  0.000e+00
       5944  716218231     91.011     7.2398  33.732546      2.130    0.69911     7.2390    33.0197  0.000e+00
       5945  716220031     90.672     7.2320  33.738741      2.122    0.69985     7.2315    33.0340  0.000e+00
       5946  716221831     90.409     7.2870  33.707174      2.184    0.69372     7.2855    32.9474  0.000e+00
       5947  716223631     90.280     7.3174  33.688786      2.263    0.68634     7.3143    32.8986  0.000e+00
       5948  716225431     90.302     7.3587  33.656262      2.334    0.67980     7.3584    32.8242  0.000e+00
       5949  716227231     90.443     7.3280  33.691849      2.323    0.68092     7.3274    32.8918  0.000e+00
       5950  716229031     90.688     7.3662  33.660824      2.352    0.67815     7.3651    32.8219  0.000e+00
       5951  716230831     91.021     7.3775  33.646228      2.375    0.67613     7.3765    32.7953  0.000e+00
       5952  716232631     91.448     7.3751  33.632484      2.353    0.67805     7.3740    32.7824  0.000e+00
       5953  716234431     91.948     7.4134  33.617436      2.356    0.67757     7.4122    32.7298  0.000e+00
       5954  716236231     92.461     7.3813  33.631445      2.350    0.67828     7.3793    32.7750  0.000e+00
       5955  716238031     92.958     7.3307  33.653602      2.317    0.68147     7.3315    32.8467  0.000e+00
       5956  716239831     93.430     7.3231  33.654126      2.294    0.68360     7.3234    32.8542  0.000e+00
       5957  716241631     93.835     7.3007  33.663317      2.275    0.68545     7.3001    32.8852  0.000e+00
       5958  716243431     94.119     7.2840  33.669967      2.255    0.68735     7.2834    32.9082  0.000e+00
       5959  716245231     94.298     7.2906  33.669641      2.253    0.68746     7.2891    32.9015  0.000e+00
       5960  716247031     94.371     7.2879  33.667425      2.250    0.68784     7.2842    32.9017  0.000e+00
       5961  716248831     94.306     7.2472  33.694152      2.224    0.69040     7.2469    32.9694  0.000e+00
       5962  716250631     94.107     7.2461  33.692457      2.207    0.69194     7.2452    32.9687  0.000e+00
       5963  716252431     93.818     7.2156  33.710909      2.174    0.69514     7.2163    33.0180  0.000e+00
       5964  716254231     93.445     7.2325  33.707124      2.165    0.69595     7.2310    32.9979  0.000e+00
       5965  716256031     92.999     7.2324  33.739271      2.140    0.69825     7.2306    33.0332  0.000e+00
       5966  716257831     92.517     7.2150  33.710970      2.136    0.69871     7.2145    33.0193  0.000e+00
       5967  716259631     92.044     7.2250  33.724008      2.137    0.69853     7.2242    33.0241  0.000e+00
       5968  716261431     91.603     7.2217  33.709727      2.146    0.69772     7.2205    33.0120  0.000e+00
       5969  716263231     91.240     7.2162  33.710183      2.147    0.69769     7.2152    33.0179  0.000e+00
       5970  716265031     90.961     7.2282  33.706530      2.158    0.69658     7.2266    33.0026  0.000e+00
       5971  716266831     90.770     7.2297  33.705355      2.165    0.69595     7.2286    32.9999  0.000e+00
       5972  716268631     90.681     7.2533  33.678757      2.193    0.69321     7.2517    32.9486  0.000e+00
       5973  716270431     90.740     7.2907  33.673670      2.239    0.68875     7.2888    32.9075  0.000e+00
       5974  716272231     90.908     7.3369  33.656462      2.295    0.68338     7.3349    32.8449  0.000e+00
       5975  716274031     91.159     7.3474  33.653464      2.325    0.68071     7.3461    32.8316  0.000e+00
       5976  716275831     91.503     7.3530  33.652096      2.335    0.67975     7.3520    32.8245  0.000e+00
       5977  716277631     91.927     7.3943  33.639389      2.365    0.67686     7.3917    32.7715  0.000e+00
       5978  716279431     92.372     7.4249  33.630658      2.406    0.67319     7.4225    32.7330  0.000e+00
       5979  716281231     92.832     7.3798  33.646625      2.392    0.67466     7.3802    32.7927  0.000e+00
       5980  716283031     93.290     7.4017  33.639262      2.391    0.67463     7.4013    32.7638  0.000e+00
       5981  716284831     93.695     7.3463  33.669828      2.363    0.67734     7.3478    32.8491  0.000e+00
       5982  716286631     93.995     7.3582  33.658294      2.346    0.67874     7.3579    32.8252  0.000e+00
       5983  716288431     94.201     7.2842  33.671857      2.292    0.68398     7.2841    32.9100  0.000e+00
       5984  716290231     94.309     7.2451  33.679487      2.224    0.69042     7.2457    32.9555  0.000e+00
       5985  716292031     94.287     7.2534  33.681050      2.209    0.69176     7.2516    32.9493  0.000e+00
       5986  716293831     94.113     7.2366  33.686787      2.200    0.69263     7.2362    32.9716  0.000e+00
       5987  716295631     93.860     7.2182  33.699108      2.181    0.69458     7.2175    33.0027  0.000e+00
       5988  716297431     93.510     7.2107  33.702759      2.165    0.69610     7.2097    33.0140  0.000e+00
       5989  716299231     93.073     7.2110  33.702431      2.159    0.69663     7.2099    33.0135  0.000e+00
       5990  716301031     92.603     7.2026  33.724469      2.130    0.69939     7.2011    33.0457  0.000e+00
       5991  716302831     92.128     7.1941  33.720295      2.112    0.70112     7.1937    33.0496  0.000e+00
       5992  716304631     91.684     7.2171  33.706338      2.135    0.69886     7.2135    33.0126  0.000e+00
       5993  716306431     91.293     7.2175  33.714291      2.144    0.69795     7.2165    33.0210  0.000e+00
       5994  716308231     90.953     7.2322  33.693947      2.167    0.69572     7.2309    32.9850  0.000e+00
       5995  716310031     90.691     7.2508  33.686057      2.199    0.69265     7.2494    32.9589  0.000e+00
       5996  716311831     90.565     7.2669  33.678234      2.217    0.69085     7.2650    32.9351  0.000e+00
       5997  716313631     90.551     7.3055  33.667672      2.250    0.68766     7.3027    32.8870  0.000e+00
       5998  716315431     90.655     7.3379  33.646036      2.273    0.68540     7.3355    32.8327  0.000e+00
       5999  716317231     90.884     7.3348  33.647926      2.274    0.68528     7.3328    32.8376  0.000e+00
       6000  716319031     91.186     7.3280  33.656203      2.280    0.68477     7.3261    32.8529  0.000e+00
       6001  716320831     91.581     7.3162  33.656271      2.275    0.68530     7.3158    32.8639  0.000e+00
       6002  716322631     92.058     7.3495  33.647863      2.280    0.68469     7.3481    32.8230  0.000e+00
       6003  716324431     92.533     7.3715  33.643563      2.315    0.68137     7.3707    32.7973  0.000e+00
       6004  716326231     92.991     7.3274  33.652299      2.298    0.68325     7.3273    32.8483  0.000e+00
       6005  716328031     93.460     7.3214  33.653996      2.266    0.68614     7.3208    32.8557  0.000e+00
       6006  716329831     93.860     7.3147  33.655040      2.259    0.68682     7.3145    32.8629  0.000e+00
       6007  716331631     94.150     7.3126  33.655302      2.251    0.68751     7.3114    32.8651  0.000e+00
       6008  716333431     94.343     7.2554  33.667299      2.220    0.69070     7.2571    32.9324  0.000e+00
       6009  716335231     94.404     7.2446  33.667561      2.187    0.69387     7.2443    32.9429  0.000e+00
       6010  716337031     94.343     7.2340  33.670429      2.173    0.69519     7.2325    32.9562  0.000e+00
       6011  716338831     94.184     7.2353  33.669451      2.168    0.69569     7.2341    32.9540  0.000e+00
       6012  716340631     93.928     7.1958  33.690702      2.154    0.69719     7.1954    33.0149  0.000e+00
       6013  716342431     93.550     7.1853  33.695591      2.141    0.69853     7.1852    33.0304  0.000e+00
       6014  716344231     93.096     7.1867  33.694611      2.138    0.69876     7.1867    33.0282  0.000e+00
       6015  716346031     92.642     7.1829  33.695914      2.136    0.69896     7.1822    33.0335  0.000e+00
       6016  716347831     92.187     7.1862  33.694608      2.136    0.69896     7.1847    33.0291  0.000e+00
       6017  716349631     91.734     7.1821  33.696107      2.134    0.69914     7.1804    33.0349  0.000e+00
       6018  716351431     91.328     7.1865  33.693693      2.135    0.69909     7.1852    33.0283  0.000e+00
       6019  716353231     91.017     7.2366  33.671591      2.159    0.69650     7.2337    32.9566  0.000e+00
       6020  716355031     90.797     7.2743  33.662658      2.196    0.69275     7.2730    32.9111  0.000e+00
       6021  716356831     90.661     7.2731  33.664287      2.214    0.69111     7.2717    32.9141  0.000e+00
       6022  716358631     90.653     7.2919  33.656531      2.221    0.69040     7.2905    32.8877  0.000e+00
       6023  716360431     90.782     7.3314  33.651314      2.257    0.68685     7.3301    32.8445  0.000e+00
       6024  716362231     90.992     7.3323  33.650924      2.275    0.68525     7.3310    32.8432  0.000e+00
       6025  716364031     91.280     7.3738  33.642125      2.305    0.68226     7.3707    32.7942  0.000e+00
       6026  716365831     91.663     7.3612  33.645190      2.319    0.68109     7.3609    32.8093  0.000e+00
       6027  716367631     92.088     7.3454  33.648646      2.312    0.68188     7.3438    32.8278  0.000e+00
       6028  716369431     92.531     7.3504  33.648191      2.310    0.68201     7.3498    32.8224  0.000e+00
       6029  716371231     92.957     7.3548  33.647019      2.314    0.68160     7.3548    32.8166  0.000e+00
       6030  716373031     93.341     7.3157  33.655299      2.283    0.68467     7.3150    32.8626  0.000e+00
       6031  716374831     93.675     7.3072  33.658754      2.263    0.68647     7.3068    32.8742  0.000e+00
       6032  716376631     93.918     7.3228  33.653476      2.264    0.68629     7.3221    32.8536  0.000e+00
       6033  716378431     94.039     7.2933  33.661298      2.250    0.68776     7.2925    32.8900  0.000e+00
       6034  716380231     94.056     7.2838  33.662928      2.236    0.68908     7.2830    32.9008  0.000e+00
       6035  716382031     93.963     7.2681  33.667752      2.221    0.69057     7.2679    32.9210  0.000e+00
       6036  716383831     93.766     7.2611  33.666188      2.207    0.69192     7.2604    32.9261  0.000e+00
       6037  716385631     93.503     7.2095  33.682030      2.178    0.69488     7.2101    32.9926  0.000e+00
       6038  716387431     93.159     7.1932  33.685029      2.152    0.69742     7.1926    33.0115  0.000e+00
       6039  716389231     92.759     7.1835  33.692003      2.138    0.69878     7.1827    33.0287  0.000e+00
       6040  716391031     92.346     7.1890  33.686591      2.135    0.69904     7.1877    33.0177  0.000e+00
       6041  716392831     91.951     7.1889  33.685286      2.136    0.69899     7.1878    33.0165  0.000e+00
       6042  716394631     91.574     7.2087  33.683979      2.152    0.69731     7.2067    32.9964  0.000e+00
       6043  716396431     91.253     7.2207  33.677329      2.163    0.69620     7.2186    32.9779  0.000e+00
       6044  716398231     91.018     7.2376  33.668984      2.168    0.69567     7.2361    32.9528  0.000e+00
       6045  716400031     90.895     7.2610  33.665527      2.187    0.69374     7.2601    32.9267  0.000e+00
       6046  716401831     90.867     7.2851  33.660637      2.212    0.69123     7.2828    32.8986  0.000e+00
       6047  716403631     90.943     7.3070  33.657117      2.243    0.68832     7.3053    32.8739  0.000e+00
       6048  716405431     91.128     7.3147  33.656921      2.256    0.68705     7.3135    32.8663  0.000e+00
       6049  716407231     91.415     7.3424  33.652227      2.272    0.68540     7.3402    32.8348  0.000e+00
       6050  716409031     91.768     7.2998  33.657511      2.261    0.68667     7.3005    32.8808  0.000e+00
       6051  716410831     92.162     7.3149  33.656077      2.258    0.68690     7.3138    32.8648  0.000e+00
       6052  716412631     92.600     7.3180  33.655622      2.267    0.68609     7.3167    32.8611  0.000e+00
       6053  716414431     93.050     7.3131  33.657905      2.266    0.68619     7.3129    32.8680  0.000e+00
       6054  716416231     93.468     7.3195  33.656602      2.264    0.68634     7.3188    32.8603  0.000e+00
