tests/parsers_test_files/seabird/ctd/1_datCnv_SBE19plus_01907674_2022_05_17_0002.cnv
* Sea-Bird SBE19plus  Data File:
* FileName = C:\Users\Quadra.Lab\Desktop\ctd files\2022-05-17\SBE19plus_01907674_2022_05_17_0002.hex
* Software version 2.8.0.119
* Temperature SN = 7674
* Conductivity SN = 7674
* System UpLoad Time = May 17 2022 13:44:17
* <ApplicationData>
* <Seaterm232>
** Workarea: QUADRA
# nquan = 13
# nvalues = 894                                   
# units = specified
# name 0 = scan: Scan Count
# name 1 = timeS: Time, Elapsed [seconds]
# name 2 = prdM: Pressure, Strain Gauge [db]
# name 3 = tv290C: Temperature [ITS-90, deg C]
# name 4 = c0mS/cm: Conductivity [mS/cm]
# name 5 = sbeox0V: Oxygen raw, SBE 43 [V]
# name 6 = flSP: Fluorescence, Seapoint
# name 7 = seaTurbMtr: Turbidity, Seapoint [FTU]
# name 8 = par: PAR/Irradiance, Biospherical/Licor
# name 9 = dz/dtM: Descent Rate [m/s]
# name 10 = CStarTr0: Beam Transmission, WET Labs C-Star [%]
# name 11 = CStarAt0: Beam Attenuation, WET Labs C-Star [1/m]
# name 12 = flag:  0.000e+00
# span 0 =        241,       1134                 
# span 1 =     60.000,    283.250                 
# span 2 =     -0.245,     63.515                 
# span 3 =     8.8676,    10.5754                 
# span 4 =   3.339002,  32.084300                 
# span 5 =     1.6260,     2.7420                 
# span 6 = 0.0000e+00, 7.6425e+00                 
# span 7 =      0.000,      1.457                 
# span 8 = 1.0000e-12, 2.8984e+03                 
# span 9 =     -1.114,      1.167                 
# span 10 =     0.4719,    96.4537                
# span 11 =     0.1444,    21.4246                
# span 12 = 0.0000e+00, 0.0000e+00                
# interval = seconds: 0.25
# start_time = May 17 2022 11:21:24 [Instrument's time stamp, header]
# bad_flag = -9.990e-29
*END*
        241     60.000      3.256    10.5074  31.615660     2.0346 7.3930e-01      0.319 3.2607e+02 -5.390e-14    91.1516     0.3706  0.000e+00
        242     60.250      3.259    10.5086  31.690643     2.0313 8.7892e-01      0.284 3.2516e+02      0.001    90.0419     0.4196  0.000e+00
        243     60.500      3.239    10.5155  31.709195     2.0273 8.7205e-01      0.267 3.2901e+02     -0.004    90.0436     0.4195  0.000e+00
        244     60.750      3.226    10.5229  31.701691     2.0272 1.2772e+00      0.257 3.3255e+02     -0.011    90.0419     0.4196  0.000e+00
        245     61.000      3.217    10.5264  31.693316     2.0368 1.0025e+00      0.235 3.3384e+02     -0.019    90.0403     0.4197  0.000e+00
        246     61.250      3.222    10.5273  31.696166     2.0615 8.4916e-01      0.256 3.3150e+02     -0.022    91.3797     0.3606  0.000e+00
        247     61.500      3.223    10.5275  31.701109     2.1003 1.5335e+00      0.246 3.2832e+02     -0.023    91.3846     0.3604  0.000e+00
        248     61.750      3.236    10.5280  31.709543     2.1511 8.5374e-01      0.248 3.2953e+02     -0.018    91.3878     0.3602  0.000e+00
        249     62.000      3.249    10.5293  31.709194     2.2039 7.2557e-01      0.244 3.3197e+02     -0.009    90.8615     0.3833  0.000e+00
        250     62.250      3.255    10.5303  31.710531     2.2578 7.5074e-01      0.271 3.3273e+02      0.003    90.8583     0.3835  0.000e+00
        251     62.500      3.263    10.5309  31.711520     2.3088 1.1353e+00      0.246 3.2953e+02      0.017    90.8550     0.3836  0.000e+00
        252     62.750      3.265    10.5314  31.712102     2.3559 8.0110e-01      0.265 3.2647e+02      0.026    91.4335     0.3582  0.000e+00
        253     63.000      3.265    10.5317  31.710182     2.4008 6.5690e-01      0.273 3.2556e+02      0.028    91.4269     0.3585  0.000e+00
        254     63.250      3.265    10.5318  31.708554     2.4397 7.0497e-01      0.275 3.2918e+02      0.025    91.4188     0.3589  0.000e+00
        255     63.500      3.261    10.5315  31.707216     2.4738 6.5919e-01      0.242 3.3226e+02      0.018    91.4237     0.3587  0.000e+00
        256     63.750      3.250    10.5312  31.705122     2.5050 7.3243e-01      0.248 3.3537e+02      0.007    91.1027     0.3727  0.000e+00
        257     64.000      3.238    10.5302  31.701865     2.5329 8.4001e-01      0.252 3.3573e+02     -0.004    91.1027     0.3727  0.000e+00
        258     64.250      3.232    10.5297  31.700702     2.5582 9.3385e-01      0.229 3.3655e+02     -0.014    91.0978     0.3729  0.000e+00
        259     64.500      3.230    10.5293  31.697561     2.5798 8.4916e-01      0.223 3.3232e+02     -0.020    91.3373     0.3624  0.000e+00
        260     64.750      3.243    10.5289  31.698724     2.5981 1.5633e+00      0.238 3.2659e+02     -0.019    91.3504     0.3619  0.000e+00
        261     65.000      3.256    10.5287  31.704250     2.6146 9.2470e-01      0.231 3.2745e+02     -0.012    91.3357     0.3625  0.000e+00
        262     65.250      3.267    10.5291  31.705936     2.6301 7.2557e-01      0.246 3.3320e+02     -0.002    91.3275     0.3629  0.000e+00
        263     65.500      3.270    10.5295  31.705995     2.6426 9.5216e-01      0.248 3.3667e+02      0.009    91.2216     0.3675  0.000e+00
        264     65.750      3.263    10.5299  31.702447     2.6537 7.9881e-01      0.265 3.3508e+02      0.016    91.2330     0.3670  0.000e+00
        265     66.000      3.244    10.5299  31.697736     2.6654 8.4459e-01      0.261 3.3046e+02      0.015    91.2249     0.3674  0.000e+00
        266     66.250      3.231    10.5290  31.695758     2.6727 8.1941e-01      0.256 3.3069e+02      0.006    91.6893     0.3471  0.000e+00
        267     66.500      3.229    10.5284  31.695758     2.6795 8.1025e-01      0.242 3.3081e+02     -0.004    91.6991     0.3466  0.000e+00
        268     66.750      3.234    10.5282  31.699713     2.6858 7.6448e-01      0.242 3.3081e+02     -0.014    91.6925     0.3469  0.000e+00
        269     67.000      3.247    10.5284  31.699713     2.6913 7.3243e-01      0.235 3.3285e+02     -0.016    90.7067     0.3902  0.000e+00
        270     67.250      3.253    10.5287  31.703261     2.6960 7.3472e-01      0.259 3.3279e+02     -0.013    90.7067     0.3902  0.000e+00
        271     67.500      3.255    10.5288  31.704831     2.6998 9.4072e-01      0.313 3.2982e+02     -0.005    90.7181     0.3897  0.000e+00
        272     67.750      3.251    10.5293  31.705820     2.7031 1.2383e+00      0.269 3.3011e+02      0.003    90.7084     0.3901  0.000e+00
        273     68.000      3.235    10.5296  31.709950     2.7060 8.5374e-01      0.254 3.3110e+02      0.006    91.0636     0.3744  0.000e+00
        274     68.250      3.228    10.5304  31.719664     2.7080 1.0369e+00      0.269 3.3104e+02      0.003    91.0620     0.3745  0.000e+00
        275     68.500      3.231    10.5317  31.742297     2.7113 8.0339e-01      0.240 3.2947e+02     -0.002    91.0636     0.3744  0.000e+00
        276     68.750      3.236    10.5344  31.795441     2.7139 7.3014e-01      0.238 3.2699e+02     -0.007    91.2884     0.3646  0.000e+00
        277     69.000      3.245    10.5403  31.811862     2.7164 7.2557e-01      0.263 3.2878e+02     -0.009    91.2819     0.3649  0.000e+00
        278     69.250      3.246    10.5453  31.804931     2.7185 1.3916e+00      0.282 3.2918e+02     -0.006    91.2819     0.3649  0.000e+00
        279     69.500      3.238    10.5480  31.818209     2.7208 7.8508e-01      0.275 3.3349e+02     -0.004    91.5280     0.3541  0.000e+00
        280     69.750      3.225    10.5495  31.790315     2.7233 7.5532e-01      0.242 3.3614e+02     -0.003    91.5394     0.3536  0.000e+00
        281     70.000      3.211    10.5486  31.761616     2.7242 7.5074e-01      0.233 3.3349e+02     -0.006    91.5540     0.3530  0.000e+00
        282     70.250      3.213    10.5455  31.767379     2.7249 1.1536e+00      0.252 3.3232e+02     -0.010    91.5345     0.3538  0.000e+00
        283     70.500      3.226    10.5438  31.817220     2.7269 1.0277e+00      0.250 3.2785e+02     -0.012    91.6274     0.3498  0.000e+00
        284     70.750      3.252    10.5472  31.940613     2.7285 6.9123e-01      0.256 3.2419e+02     -0.006    91.6176     0.3502  0.000e+00
        285     71.000      3.269    10.5574  31.962489     2.7295 8.0110e-01      0.229 3.2385e+02      0.005    91.6160     0.3503  0.000e+00
        286     71.250      3.276    10.5662  31.956537     2.7298 9.4301e-01      0.269 3.2912e+02      0.019    89.8382     0.4286  0.000e+00
        287     71.500      3.259    10.5709  31.950527     2.7314 8.5832e-01      0.250 3.3174e+02      0.026    89.8366     0.4287  0.000e+00
        288     71.750      3.231    10.5720  31.837604     2.7321 7.9652e-01      0.238 3.2878e+02      0.022    89.8399     0.4286  0.000e+00
        289     72.000      3.209    10.5644  31.755969     2.7330 7.7821e-01      0.267 3.2613e+02      0.009    89.8252     0.4292  0.000e+00
        290     72.250      3.205    10.5539  31.768949     2.7338 7.0039e-01      0.256 3.2757e+02     -0.009    91.1662     0.3699  0.000e+00
        291     72.500      3.219    10.5482  31.781990     2.7346 8.1025e-01      0.292 3.2780e+02     -0.022    91.1711     0.3697  0.000e+00
        292     72.750      3.245    10.5474  31.911569     2.7344 8.9036e-01      0.456 3.2907e+02     -0.025    91.1516     0.3706  0.000e+00
        293     73.000      3.268    10.5539  31.973225     2.7356 7.8279e-01      0.292 3.2878e+02     -0.014    91.5247     0.3542  0.000e+00
        294     73.250      3.281    10.5645  31.966864     2.7365 9.8878e-01      0.284 3.2573e+02      0.006    91.5182     0.3545  0.000e+00
        295     73.500      3.277    10.5709  31.964646     2.7367 7.2557e-01      0.271 3.2425e+02      0.025    91.5263     0.3542  0.000e+00
        296     73.750      3.262    10.5742  31.960912     2.7370 8.2170e-01      0.341 3.2820e+02      0.035    90.3434     0.4062  0.000e+00
        297     74.000      3.249    10.5754  31.934719     2.7369 9.4072e-01      0.246 3.2895e+02      0.032    90.3287     0.4069  0.000e+00
        298     74.250      3.247    10.5743  31.925912     2.7382 9.7047e-01      0.586 3.2895e+02      0.020    90.3483     0.4060  0.000e+00
        299     74.500      3.260    10.5726  31.939385     2.7385 7.3243e-01      0.889 3.2780e+02      0.008    90.3303     0.4068  0.000e+00
        300     74.750      3.273    10.5730  31.948544     2.7369 1.1650e+00      0.372 3.2487e+02     -0.001    91.0636     0.3744  0.000e+00
        301     75.000      3.280    10.5740  31.948135     2.7365 8.0797e-01      0.273 3.2482e+02     -0.002    91.0734     0.3740  0.000e+00
        302     75.250      3.280    10.5747  31.947785     2.7370 8.6519e-01      0.326 3.2625e+02      0.003    91.0750     0.3739  0.000e+00
        303     75.500      3.262    10.5747  31.935010     2.7376 8.0110e-01      0.299 3.3052e+02      0.006    90.6464     0.3928  0.000e+00
        304     75.750      3.243    10.5739  31.895883     2.7379 7.8508e-01      0.288 3.3244e+02      0.004    90.6302     0.3935  0.000e+00
        305     76.000      3.234    10.5706  31.871110     2.7388 7.8965e-01      0.273 3.2878e+02     -0.004    90.6302     0.3935  0.000e+00
        306     76.250      3.229    10.5669  31.882242     2.7391 8.1025e-01      0.252 3.2322e+02     -0.015    91.2542     0.3661  0.000e+00
        307     76.500      3.249    10.5655  31.884399     2.7401 1.0758e+00      0.271 3.2130e+02     -0.020    91.2510     0.3662  0.000e+00
        308     76.750      3.273    10.5649  31.886964     2.7401 1.6686e+00      0.242 3.2351e+02     -0.015    91.2461     0.3664  0.000e+00
        309     77.000      3.275    10.5647  31.868546     2.7406 7.6677e-01      0.246 3.2470e+02     -0.006    91.2510     0.3662  0.000e+00
        310     77.250      3.269    10.5633  31.847335     2.7411 7.5532e-01      0.275 3.2362e+02      0.004    90.7410     0.3886  0.000e+00
        311     77.500      3.260    10.5606  31.835858     2.7407 7.4388e-01      0.263 3.2299e+02      0.013    90.7442     0.3885  0.000e+00
        312     77.750      3.251    10.5580  31.833237     2.7407 8.4001e-01      0.267 3.1681e+02      0.014    90.7426     0.3886  0.000e+00
        313     78.000      3.257    10.5562  31.832480     2.7409 7.5990e-01      0.328 3.1140e+02      0.012    92.0021     0.3334  0.000e+00
        314     78.250      3.268    10.5555  31.827587     2.7405 7.8508e-01      0.357 3.1454e+02      0.008    92.0087     0.3332  0.000e+00
        315     78.500      3.280    10.5547  31.816636     2.7404 1.0506e+00      0.608 3.1393e+02      0.004    92.0070     0.3332  0.000e+00
        316     78.750      3.286    10.5531  31.807318     2.7397 1.1238e+00      0.299 3.1548e+02      0.004    91.1385     0.3712  0.000e+00
        317     79.000      3.273    10.5516  31.775877     2.7398 2.4880e+00      0.412 3.1642e+02      0.007    91.1483     0.3707  0.000e+00
        318     79.250      3.256    10.5485  31.747823     2.7390 1.0369e+00      0.277 3.1770e+02      0.005    91.1353     0.3713  0.000e+00
        319     79.500      3.236    10.5442  31.738746     2.7388 9.5216e-01      0.299 3.1787e+02     -0.002    91.1451     0.3709  0.000e+00
        320     79.750      3.225    10.5406  31.728389     2.7379 8.3085e-01      0.338 3.1476e+02     -0.013    91.7154     0.3459  0.000e+00
        321     80.000      3.228    10.5377  31.723968     2.7362 7.4617e-01      0.284 3.1514e+02     -0.024    91.7121     0.3461  0.000e+00
        322     80.250      3.240    10.5355  31.716290     2.7369 1.1376e+00      0.309 3.1798e+02     -0.028    91.7056     0.3463  0.000e+00
        323     80.500      3.259    10.5336  31.705645     2.7365 8.6519e-01      0.437 3.2028e+02     -0.023    90.8420     0.3842  0.000e+00
        324     80.750      3.268    10.5313  31.697910     2.7360 9.7963e-01      0.273 3.1692e+02     -0.010    90.8306     0.3847  0.000e+00
        325     81.000      3.274    10.5289  31.688489     2.7357 1.1902e+00      0.259 3.1465e+02      0.007    90.8257     0.3849  0.000e+00
        326     81.250      3.272    10.5267  31.683547     2.7365 8.2170e-01      0.286 3.1648e+02      0.020    90.8159     0.3853  0.000e+00
        327     81.500      3.266    10.5252  31.684710     2.7356 1.1513e+00      0.265 3.1559e+02      0.025    91.8359     0.3407  0.000e+00
        328     81.750      3.252    10.5246  31.683954     2.7356 1.4122e+00      0.271 3.1465e+02      0.020    91.8294     0.3410  0.000e+00
        329     82.000      3.246    10.5242  31.681163     2.7352 9.9336e-01      0.309 3.1404e+02      0.008    91.8245     0.3412  0.000e+00
        330     82.250      3.246    10.5235  31.681570     2.7343 1.2909e+00      0.280 3.1720e+02     -0.004    90.8338     0.3846  0.000e+00
        331     82.500      3.252    10.5232  31.681977     2.7334 9.0639e-01      0.267 3.2311e+02     -0.011    90.8387     0.3843  0.000e+00
        332     82.750      3.261    10.5231  31.682093     2.7327 7.1412e-01      0.242 3.2231e+02     -0.011    90.8469     0.3840  0.000e+00
        333     83.000      3.262    10.5230  31.682966     2.7323 7.7592e-01      0.261 3.2056e+02     -0.008    90.9072     0.3813  0.000e+00
        334     83.250      3.258    10.5230  31.684129     2.7328 7.3472e-01      0.261 3.2169e+02     -0.003    90.8990     0.3817  0.000e+00
        335     83.500      3.263    10.5233  31.684943     2.7321 7.0268e-01      0.322 3.2487e+02      0.004    90.8974     0.3818  0.000e+00
        336     83.750      3.261    10.5238  31.684361     2.7321 7.5074e-01      0.267 3.2362e+02      0.008    90.8876     0.3822  0.000e+00
        337     84.000      3.268    10.5239  31.683373     2.7324 8.1941e-01      0.242 3.2022e+02      0.010    90.7703     0.3874  0.000e+00
        338     84.250      3.270    10.5238  31.684768     2.7315 7.2557e-01      0.263 3.2533e+02      0.010    90.7621     0.3877  0.000e+00
        339     84.500      3.277    10.5240  31.688897     2.7314 9.0639e-01      0.246 3.3714e+02      0.009    90.7703     0.3874  0.000e+00
        340     84.750      3.275    10.5246  31.692444     2.7314 8.7434e-01      0.271 3.4012e+02      0.008    91.1890     0.3689  0.000e+00
        341     85.000      3.268    10.5253  31.696340     2.7312 7.0039e-01      0.280 3.4072e+02      0.007    91.1939     0.3687  0.000e+00
        342     85.250      3.271    10.5265  31.698550     2.7311 7.6677e-01      0.311 3.4330e+02      0.007    91.1793     0.3694  0.000e+00
        343     85.500      3.260    10.5273  31.701807     2.7306 7.7821e-01      0.271 3.4676e+02      0.002    91.2086     0.3681  0.000e+00
        344     85.750      3.265    10.5280  31.698899     2.7306 7.1641e-01      0.261 3.4102e+02     -0.001    91.2102     0.3680  0.000e+00
        345     86.000      3.274    10.5280  31.698899     2.7304 7.9881e-01      0.240 3.3982e+02     -0.002    91.2167     0.3677  0.000e+00
        346     86.250      3.285    10.5282  31.700876     2.7308 7.4617e-01      0.256 3.5130e+02      0.002    91.1972     0.3686  0.000e+00
        347     86.500      3.292    10.5285  31.712102     2.7312 7.0954e-01      0.286 3.5546e+02      0.007    91.4791     0.3562  0.000e+00
        348     86.750      3.297    10.5297  31.706634     2.7314 7.2557e-01      0.256 3.4853e+02      0.014    91.4758     0.3564  0.000e+00
        349     87.000      3.296    10.5302  31.711753     2.7320 8.6976e-01      0.265 3.5167e+02      0.018    91.4644     0.3569  0.000e+00
        350     87.250      3.283    10.5310  31.716290     2.7327 6.7521e-01      0.259 3.5458e+02      0.016    91.4546     0.3573  0.000e+00
        351     87.500      3.274    10.5318  31.707797     2.7333 7.1870e-01      0.254 3.5828e+02      0.011    91.4579     0.3572  0.000e+00
