tests/parsers_test_files/seabird/ctd/1_datCnv_SBE19plus_01907674_2022_05_17_0002.cnv
* Sea-Bird SBE19plus  Data File:
* FileName = C:\Users\Quadra.Lab\Desktop\ctd files\2022-05-17\SBE19plus_01907674_2022_05_17_0002.hex
* Software version 2.8.0.119
* Temperature SN = 7674
* Conductivity SN = 7674
* System UpLoad Time = May 17 2022 13:44:17
* <ApplicationData>
* <Seaterm232>
** Workarea: QUADRA
# nquan = 13
# nvalues = 894                                   
# units = specified
# name 0 = scan: Scan Count
# name 1 = timeS: Time, Elapsed [seconds]
# name 2 = prdM: Pressure, Strain Gauge [db]
# name 3 = tv290C: Temperature [ITS-90, deg C]
# name 4 = c0mS/cm: Conductivity [mS/cm]
# name 5 = sbeox0V: Oxygen raw, SBE 43 [V]
# name 6 = flSP: Fluorescence, Seapoint
# name 7 = seaTurbMtr: Turbidity, Seapoint [FTU]
# name 8 = par: PAR/Irradiance, Biospherical/Licor
# name 9 = dz/dtM: Descent Rate [m/s]
# name 10 = CStarTr0: Beam Transmission, WET Labs C-Star [%]
# name 11 = CStarAt0: Beam Attenuation, WET Labs C-Star [1/m]
# name 12 = flag:  0.000e+00
# span 0 =        241,       1134                 
# span 1 =     60.000,    283.250                 
# span 2 =     -0.245,     63.515                 
# span 3 =     8.8676,    10.5754                 
# span 4 =   3.339002,  32.084300                 
# span 5 =     1.6260,     2.7420                 
# span 6 = 0.0000e+00, 7.6425e+00                 
# span 7 =      0.000,      1.457                 
# span 8 = 1.0000e-12, 2.8984e+03                 
# span 9 =     -1.114,      1.167                 
# span 10 =     0.4719,    96.4537                
# span 11 =     0.1444,    21.4246                
# span 12 = 0.0000e+00, 0.0000e+00                
# interval = seconds: 0.25
# start_time = May 17 2022 11:21:24 [Instrument's time stamp, header]
# bad_flag = -9.990e-29
*END*
[from data line 667]
        908    226.750     50.360     8.9952  31.993433     1.7095 7.1641e-01      0.193 1.8988e-01     -1.040    95.0834     0.2017  0.000e+00
        909    227.000     50.112     8.9994  31.993023     1.7131 7.0726e-01      0.187 2.1263e-01     -1.030    95.0361     0.2037  0.000e+00
        910    227.250     49.871     9.0036  31.993255     1.7163 6.7063e-01      0.200 2.1147e-01     -1.019    95.0361     0.2037  0.000e+00
        911    227.500     49.605     9.0069  31.992846     1.7195 6.9352e-01      0.185 2.2592e-01     -1.012    95.0345     0.2037  0.000e+00
        912    227.750     49.337     9.0102  31.992261     1.7230 7.5532e-01      0.181 2.3799e-01     -1.012    95.0361     0.2037  0.000e+00
        913    228.000     49.058     9.0126  31.991851     1.7265 7.6448e-01      0.200 2.4895e-01     -1.020    95.0280     0.2040  0.000e+00
        914    228.250     48.786     9.0144  31.988873     1.7300 7.4617e-01      0.198 2.6142e-01     -1.032    95.0296     0.2039  0.000e+00
        915    228.500     48.518     9.0165  31.987238     1.7340 7.3472e-01      0.219 2.7071e-01     -1.047    95.0378     0.2036  0.000e+00
        916    228.750     48.263     9.0183  31.985253     1.7386 7.8279e-01      0.221 2.8714e-01     -1.059    94.8422     0.2118  0.000e+00
        917    229.000     48.014     9.0200  31.980875     1.7409 8.0110e-01      0.280 3.0189e-01     -1.063    94.8341     0.2122  0.000e+00
        918    229.250     47.771     9.0217  31.978306     1.7444 7.3243e-01      0.227 3.0623e-01     -1.057    94.8406     0.2119  0.000e+00
        919    229.500     47.522     9.0233  31.972703     1.7478 7.1641e-01      0.219 3.1653e-01     -1.043    94.5766     0.2230  0.000e+00
        920    229.750     47.261     9.0242  31.960565     1.7498 7.8965e-01      0.189 3.3094e-01     -1.030    94.5734     0.2232  0.000e+00
        921    230.000     47.004     9.0237  31.950413     1.7530 8.1025e-01      0.214 3.5659e-01     -1.018    94.5734     0.2232  0.000e+00
        922    230.250     46.734     9.0224  31.946854     1.7566 8.3543e-01      0.206 3.6931e-01     -1.016    94.5701     0.2233  0.000e+00
        923    230.500     46.466     9.0210  31.945278     1.7586 9.0410e-01      0.183 3.8461e-01     -1.022    94.5310     0.2250  0.000e+00
        924    230.750     46.203     9.0200  31.942069     1.7615 8.4001e-01      0.210 4.0393e-01     -1.032    94.5343     0.2248  0.000e+00
        925    231.000     45.946     9.0188  31.938919     1.7642 8.6290e-01      0.216 4.1633e-01     -1.041    94.5278     0.2251  0.000e+00
        926    231.250     45.686     9.0178  31.935302     1.7676 8.1483e-01      0.191 4.2839e-01     -1.048    94.6060     0.2218  0.000e+00
        927    231.500     45.429     9.0163  31.920604     1.7699 8.1483e-01      0.227 4.5286e-01     -1.050    94.6060     0.2218  0.000e+00
        928    231.750     45.164     9.0135  31.918621     1.7726 8.5374e-01      0.246 4.7318e-01     -1.049    94.6027     0.2219  0.000e+00
        929    232.000     44.905     9.0111  31.918037     1.7746 8.4001e-01      0.231 4.9185e-01     -1.047    94.1025     0.2431  0.000e+00
        930    232.250     44.650     9.0103  31.919319     1.7778 9.2241e-01      0.250 5.0951e-01     -1.041    94.1057     0.2430  0.000e+00
        931    232.500     44.391     9.0101  31.920018     1.7787 8.9494e-01      0.231 5.2858e-01     -1.038    94.0992     0.2433  0.000e+00
        932    232.750     44.138     9.0102  31.915469     1.7807 1.1856e+00      0.246 5.4495e-01     -1.035    94.1123     0.2427  0.000e+00
        933    233.000     43.887     9.0096  31.906488     1.7832 8.6519e-01      0.214 5.6724e-01     -1.031    93.9346     0.2503  0.000e+00
        934    233.250     43.629     9.0081  31.896984     1.7834 8.8121e-01      0.237 5.9079e-01     -1.028    93.9346     0.2503  0.000e+00
        935    233.500     43.363     9.0062  31.896984     1.7848 9.0410e-01      0.248 6.1642e-01     -1.028    93.9379     0.2501  0.000e+00
        936    233.750     43.097     9.0052  31.896808     1.7860 9.3843e-01      0.221 6.3948e-01     -1.029    94.1758     0.2400  0.000e+00
        937    234.000     42.825     9.0046  31.893834     1.7870 8.8121e-01      0.250 6.7766e-01     -1.036    94.1742     0.2401  0.000e+00
        938    234.250     42.555     9.0044  31.888995     1.7887 8.6976e-01      0.210 7.1149e-01     -1.045    94.1823     0.2398  0.000e+00
        939    234.500     42.301     9.0037  31.882698     1.7886 9.0639e-01      0.217 7.4056e-01     -1.051    94.1677     0.2404  0.000e+00
        940    234.750     42.048     9.0033  31.879142     1.7894 1.0163e+00      0.214 7.4903e-01     -1.054    94.2866     0.2353  0.000e+00
        941    235.000     41.797     9.0032  31.871797     1.7905 8.9952e-01      0.231 7.7405e-01     -1.051    94.2785     0.2357  0.000e+00
        942    235.250     41.549     9.0032  31.872787     1.7916 8.9952e-01      0.225 8.0535e-01     -1.043    94.2850     0.2354  0.000e+00
        943    235.500     41.296     9.0033  31.865035     1.7929 8.4916e-01      0.196 8.2500e-01     -1.032    94.4919     0.2266  0.000e+00
        944    235.750     41.037     9.0069  31.858507     1.7932 8.4001e-01      0.177 8.4973e-01     -1.023    94.4968     0.2264  0.000e+00
        945    236.000     40.781     9.0122  31.859905     1.7939 9.2012e-01      0.174 8.9506e-01     -1.016    94.4952     0.2265  0.000e+00
        946    236.250     40.513     9.0161  31.858330     1.7941 8.3085e-01      0.238 9.2563e-01     -1.017    93.8336     0.2546  0.000e+00
        947    236.500     40.247     9.0199  31.854716     1.7953 7.2786e-01      0.196 9.6647e-01     -1.024    93.8287     0.2548  0.000e+00
        948    236.750     39.975     9.0252  31.853316     1.7959 6.8894e-01      0.170 9.9962e-01     -1.035    93.8255     0.2549  0.000e+00
        949    237.000     39.707     9.0297  31.849353     1.7964 6.3859e-01      0.162 1.0511e+00     -1.047    93.8222     0.2551  0.000e+00
        950    237.250     39.446     9.0373  31.843641     1.7975 6.2943e-01      0.160 1.0910e+00     -1.056    94.7999     0.2136  0.000e+00
        951    237.500     39.196     9.0487  31.839445     1.7995 6.1799e-01      0.149 1.1147e+00     -1.057    94.8064     0.2133  0.000e+00
        952    237.750     38.948     9.0597  31.836297     1.8006 5.9052e-01      0.154 1.1518e+00     -1.052    94.7917     0.2140  0.000e+00
        953    238.000     38.708     9.0697  31.838684     1.8034 6.0655e-01      0.221 1.1959e+00     -1.041    95.4305     0.1871  0.000e+00
        954    238.250     38.455     9.0750  31.832449     1.8058 7.0039e-01      0.200 1.2346e+00     -1.028    95.4272     0.1872  0.000e+00
        955    238.500     38.196     9.0829  31.828544     1.8074 6.5919e-01      0.170 1.2772e+00     -1.017    95.4354     0.1869  0.000e+00
        956    238.750     37.928     9.0940  31.821436     1.8110 5.7679e-01      0.168 1.3369e+00     -1.013    95.5233     0.1832  0.000e+00
        957    239.000     37.660     9.1076  31.823589     1.8158 5.5619e-01      0.154 1.3802e+00     -1.015    95.5185     0.1834  0.000e+00
        958    239.250     37.391     9.1154  31.823995     1.8191 5.0584e-01      0.160 1.4375e+00     -1.025    95.5217     0.1833  0.000e+00
        959    239.500     37.118     9.1199  31.822421     1.8238 5.5619e-01      0.149 1.4861e+00     -1.040    95.5119     0.1837  0.000e+00
        960    239.750     36.855     9.1259  31.821022     1.8285 5.0813e-01      0.141 1.5452e+00     -1.054    95.8346     0.1702  0.000e+00
        961    240.000     36.599     9.1358  31.820962     1.8353 5.2873e-01      0.130 1.5856e+00     -1.062    95.8346     0.1702  0.000e+00
        962    240.250     36.349     9.1453  31.822416     1.8414 5.4475e-01      0.128 1.6331e+00     -1.060    95.8460     0.1697  0.000e+00
        963    240.500     36.103     9.1547  31.828763     1.8479 4.9210e-01      0.118 1.7008e+00     -1.051    96.1735     0.1561  0.000e+00
        964    240.750     35.859     9.1695  31.836684     1.8545 5.5619e-01      0.118 1.7564e+00     -1.037    96.1751     0.1560  0.000e+00
        965    241.000     35.598     9.1888  31.841400     1.8610 5.1728e-01      0.116 1.8252e+00     -1.026    96.1735     0.1561  0.000e+00
        966    241.250     35.332     9.2062  31.853691     1.8679 5.4246e-01      0.107 1.8899e+00     -1.019    96.2419     0.1532  0.000e+00
        967    241.500     35.066     9.2267  31.856485     1.8745 5.6764e-01      0.107 1.9589e+00     -1.018    96.4342     0.1452  0.000e+00
        968    241.750     34.799     9.2443  31.850947     1.8819 5.3330e-01      0.118 2.0507e+00     -1.024    96.4212     0.1458  0.000e+00
        969    242.000     34.529     9.2499  31.856073     1.8887 4.9897e-01      0.124 2.1359e+00     -1.036    96.4260     0.1456  0.000e+00
        970    242.250     34.263     9.2562  31.859044     1.8965 4.9210e-01      0.124 2.2130e+00     -1.048    96.0024     0.1632  0.000e+00
        971    242.500     34.008     9.2736  31.861430     1.9068 5.7908e-01      0.120 2.2924e+00     -1.056    96.0024     0.1632  0.000e+00
        972    242.750     33.762     9.2950  31.862010     1.9140 5.6764e-01      0.135 2.3391e+00     -1.055    96.0089     0.1629  0.000e+00
        973    243.000     33.514     9.3082  31.863815     1.9232 5.5390e-01      0.135 2.4211e+00     -1.046    95.9991     0.1633  0.000e+00
        974    243.250     33.257     9.3250  31.863404     1.9327 5.2415e-01      0.149 2.5164e+00     -1.037    95.9991     0.1633  0.000e+00
        975    243.500     32.996     9.3431  31.862411     1.9406 7.7592e-01      0.154 2.6128e+00     -1.029    95.9894     0.1637  0.000e+00
        976    243.750     32.735     9.3567  31.862642     1.9503 4.8524e-01      0.139 2.7178e+00     -1.024    95.9942     0.1635  0.000e+00
        977    244.000     32.473     9.3675  31.862174     1.9583 4.6235e-01      0.151 2.8217e+00     -1.022    95.9014     0.1674  0.000e+00
        978    244.250     32.206     9.3761  31.859608     1.9673 5.0355e-01      0.143 2.9433e+00     -1.027    95.9160     0.1668  0.000e+00
        979    244.500     31.940     9.3850  31.857858     1.9768 4.4862e-01      0.164 3.0638e+00     -1.036    95.9030     0.1673  0.000e+00
        980    244.750     31.681     9.3948  31.854884     1.9860 4.5319e-01      0.162 3.1787e+00     -1.045    95.6602     0.1775  0.000e+00
        981    245.000     31.415     9.4044  31.854067     1.9959 4.8981e-01      0.185 3.3038e+00     -1.051    95.6537     0.1777  0.000e+00
        982    245.250     31.154     9.4127  31.854473     2.0056 5.0813e-01      0.170 3.4312e+00     -1.053    95.6553     0.1777  0.000e+00
        983    245.500     30.901     9.4187  31.855054     2.0153 5.2644e-01      0.160 3.4906e+00     -1.051    95.2789     0.1934  0.000e+00
        984    245.750     30.651     9.4229  31.853655     2.0249 5.0584e-01      0.168 3.6125e+00     -1.045    95.2675     0.1939  0.000e+00
        985    246.000     30.401     9.4284  31.852663     2.0343 5.0355e-01      0.160 3.7494e+00     -1.037    95.2789     0.1934  0.000e+00
        986    246.250     30.151     9.4368  31.851670     2.0438 5.6489e+00      0.143 3.8829e+00     -1.027    95.2773     0.1935  0.000e+00
        987    246.500     29.889     9.4447  31.849921     2.0530 8.9265e-01      0.143 4.0341e+00     -1.022    95.3979     0.1885  0.000e+00
        988    246.750     29.626     9.4517  31.848288     2.0604 5.2873e-01      0.132 4.2213e+00     -1.021    95.4093     0.1880  0.000e+00
        989    247.000     29.351     9.4586  31.847704     2.0694 5.3330e-01      0.149 4.3837e+00     -1.024    95.3995     0.1884  0.000e+00
        990    247.250     29.082     9.4627  31.848110     2.0761 5.3788e-01      0.175 4.5711e+00     -1.034    95.0003     0.2052  0.000e+00
        991    247.500     28.818     9.4647  31.847818     2.0827 5.1728e-01      0.166 4.7578e+00     -1.044    94.9921     0.2055  0.000e+00
        992    247.750     28.566     9.4668  31.847118     2.0906 5.0355e-01      0.172 4.9201e+00     -1.051    95.0003     0.2052  0.000e+00
        993    248.000     28.311     9.4694  31.846301     2.0967 4.7837e-01      0.168 5.0905e+00     -1.053    95.4125     0.1878  0.000e+00
        994    248.250     28.061     9.4751  31.845542     2.1002 4.6921e-01      0.151 5.1974e+00     -1.050    95.4272     0.1872  0.000e+00
        995    248.500     27.799     9.4833  31.845541     2.1084 5.4475e-01      0.139 5.4139e+00     -1.043    95.4093     0.1880  0.000e+00
        996    248.750     27.525     9.4902  31.845131     2.1144 5.8366e-01      0.143 5.6293e+00     -1.040    95.4272     0.1872  0.000e+00
        997    249.000     27.262     9.4992  31.845712     2.1189 5.1270e-01      0.147 5.8645e+00     -1.038    95.6439     0.1782  0.000e+00
        998    249.250     26.994     9.5052  31.846119     2.1228 4.8066e-01      0.158 6.1007e+00     -1.041    95.6407     0.1783  0.000e+00
        999    249.500     26.739     9.5075  31.846525     2.1272 4.6006e-01      0.160 6.3360e+00     -1.044    95.6504     0.1779  0.000e+00
       1000    249.750     26.496     9.5120  31.850661     2.1330 5.0813e-01      0.175 6.5791e+00     -1.044    95.4174     0.1876  0.000e+00
       1001    250.000     26.241     9.5250  31.852873     2.1373 2.2843e+00      0.158 6.8278e+00     -1.042    95.4158     0.1877  0.000e+00
       1002    250.250     25.986     9.5382  31.855027     2.1431 6.7292e-01      0.149 7.1008e+00     -1.037    95.4207     0.1875  0.000e+00
       1003    250.500     25.715     9.5497  31.859570     2.1491 4.8295e-01      0.162 7.4044e+00     -1.033    95.4174     0.1876  0.000e+00
       1004    250.750     25.445     9.5643  31.860558     2.1543 4.8981e-01      0.153 7.7166e+00     -1.032    95.6586     0.1775  0.000e+00
       1005    251.000     25.173     9.5765  31.858575     2.1605 4.8295e-01      0.143 7.9141e+00     -1.038    95.6537     0.1777  0.000e+00
       1006    251.250     24.901     9.5813  31.858574     2.1652 6.4088e-01      0.128 8.2490e+00     -1.047    95.6472     0.1780  0.000e+00
       1007    251.500     24.646     9.5834  31.861545     2.1708 5.7221e-01      0.143 8.5750e+00     -1.056    95.3881     0.1889  0.000e+00
       1008    251.750     24.404     9.5922  31.863524     2.1769 5.6306e-01      0.139 8.9327e+00     -1.058    95.3979     0.1885  0.000e+00
       1009    252.000     24.161     9.6039  31.866320     2.1828 7.3243e-01      0.299 9.2920e+00     -1.050    95.3865     0.1889  0.000e+00
       1010    252.250     23.910     9.6193  31.868707     2.1879 6.9123e-01      0.168 9.6759e+00     -1.038    95.0818     0.2017  0.000e+00
       1011    252.500     23.653     9.6423  31.872084     2.1953 9.2241e-01      0.160 1.0108e+01     -1.025    95.0915     0.2013  0.000e+00
       1012    252.750     23.381     9.6721  31.872080     2.2000 6.3172e-01      0.177 1.0604e+01     -1.019    95.0964     0.2011  0.000e+00
       1013    253.000     23.101     9.6919  31.871669     2.2054 6.7063e-01      0.141 1.1118e+01     -1.022    95.0834     0.2017  0.000e+00
       1014    253.250     22.822     9.6988  31.871959     2.2121 6.4317e-01      0.162 1.1656e+01     -1.034    94.7265     0.2167  0.000e+00
       1015    253.500     22.556     9.7031  31.873823     2.2193 6.9581e-01      0.156 1.2206e+01     -1.051    94.7265     0.2167  0.000e+00
       1016    253.750     22.303     9.7127  31.875628     2.2237 6.5461e-01      0.147 1.2462e+01     -1.063    94.7298     0.2166  0.000e+00
       1017    254.000     22.062     9.7253  31.879181     2.2312 6.9581e-01      0.172 1.2982e+01     -1.065    93.3774     0.2741  0.000e+00
