tests/parsers_test_files/seabird/ctd/1_datCnv_SBE19plus_01907674_2022_05_17_0002.cnv
* Sea-Bird SBE19plus  Data File:
* FileName = C:\Users\Quadra.Lab\Desktop\ctd files\2022-05-17\SBE19plus_01907674_2022_05_17_0002.hex
* Software version 2.8.0.119
* Temperature SN = 7674
* Conductivity SN = 7674
* System UpLoad Time = May 17 2022 13:44:17
* <ApplicationData>
* <Seaterm232>
** Workarea: QUADRA
# nquan = 13
# nvalues = 894                                   
# units = specified
# name 0 = scan: Scan Count
# name 1 = timeS: Time, Elapsed [seconds]
# name 2 = prdM: Pressure, Strain Gauge [db]
# name 3 = tv290C: Temperature [ITS-90, deg C]
# name 4 = c0mS/cm: Conductivity [mS/cm]
# name 5 = sbeox0V: Oxygen raw, SBE 43 [V]
# name 6 = flSP: Fluorescence, Seapoint
# name 7 = seaTurbMtr: Turbidity, Seapoint [FTU]
# name 8 = par: PAR/Irradiance, Biospherical/Licor
# name 9 = dz/dtM: Descent Rate [m/s]
# name 10 = CStarTr0: Beam Transmission, WET Labs C-Star [%]
# name 11 = CStarAt0: Beam Attenuation, WET Labs C-Star [1/m]
# name 12 = flag:  0.000e+00
# span 0 =        241,       1134                 
# span 1 =     60.000,    283.250                 
# span 2 =     -0.245,     63.515                 
# span 3 =     8.8676,    10.5754                 
# span 4 =   3.339002,  32.084300                 
# span 5 =     1.6260,     2.7420                 
# span 6 = 0.0000e+00, 7.6425e+00                 
# span 7 =      0.000,      1.457                 
# span 8 = 1.0000e-12, 2.8984e+03                 
# span 9 =     -1.114,      1.167                 
# span 10 =     0.4719,    96.4537                
# span 11 =     0.1444,    21.4246                
# span 12 = 0.0000e+00, 0.0000e+00                
# interval = seconds: 0.25
# start_time = May 17 2022 11:21:24 [Instrument's time stamp, header]
# bad_flag = -9.990e-29
*END*
[from data line 445]
        686    171.250     19.650    10.0025  31.917041     2.5838 1.0964e+00      0.162 1.8946e+01      1.125    92.8478     0.2968  0.000e+00
        687    171.500     19.908     9.9934  31.918325     2.5802 1.6663e+00      0.174 1.8089e+01      1.111    93.9151     0.2511  0.000e+00
        688    171.750     20.169     9.9888  31.917860     2.5779 9.1325e-01      0.132 1.7289e+01      1.095    93.9069     0.2515  0.000e+00
        689    172.000     20.441     9.9847  31.909348     2.5738 2.9412e+00      0.132 1.6530e+01      1.081    93.9118     0.2513  0.000e+00
        690    172.250     20.715     9.9753  31.907309     2.5699 1.4168e+00      0.132 1.5804e+01      1.069    94.1807     0.2398  0.000e+00
        691    172.500     20.996     9.9662  31.906961     2.5656 1.1879e+00      0.143 1.5380e+01      1.066    94.1758     0.2400  0.000e+00
        692    172.750     21.283     9.9606  31.908945     2.5609 1.1032e+00      0.137 1.4624e+01      1.074    94.1823     0.2398  0.000e+00
        693    173.000     21.562     9.9551  31.909121     2.5557 1.4763e+00      0.156 1.3900e+01      1.088    94.1791     0.2399  0.000e+00
        694    173.250     21.847     9.9440  31.907549     2.5514 9.5445e-01      0.141 1.3232e+01      1.102    93.1264     0.2848  0.000e+00
        695    173.500     22.130     9.9308  31.906851     2.5463 1.0849e+00      0.147 1.2561e+01      1.116    93.1444     0.2841  0.000e+00
        696    173.750     22.426     9.9195  31.906737     2.5414 9.3385e-01      0.124 1.1966e+01      1.129    93.1411     0.2842  0.000e+00
        697    174.000     22.714     9.9107  31.907730     2.5367 8.1483e-01      0.175 1.1373e+01      1.137    93.4556     0.2707  0.000e+00
        698    174.250     22.996     9.9035  31.905982     2.5311 1.0117e+00      0.162 1.0843e+01      1.142    93.4637     0.2704  0.000e+00
        699    174.500     23.281     9.8936  31.902194     2.5265 1.3870e+00      0.202 1.0325e+01      1.144    93.4458     0.2712  0.000e+00
        700    174.750     23.553     9.8784  31.899806     2.5214 1.0506e+00      0.145 9.8457e+00      1.141    93.8157     0.2554  0.000e+00
        701    175.000     23.821     9.8602  31.896019     2.5161 9.7734e-01      0.156 9.3949e+00      1.135    93.8075     0.2557  0.000e+00
        702    175.250     24.098     9.8416  31.898820     2.5093 8.4459e-01      0.164 9.1886e+00      1.126    93.8059     0.2558  0.000e+00
        703    175.500     24.355     9.8267  31.897424     2.5045 9.7047e-01      0.299 8.7785e+00      1.112    93.8027     0.2559  0.000e+00
        704    175.750     24.638     9.8124  31.894744     2.4973 7.8279e-01      0.135 8.4029e+00      1.101    93.4849     0.2695  0.000e+00
        705    176.000     24.924     9.7976  31.894455     2.4923 5.9281e-01      0.141 8.0289e+00      1.097    93.4849     0.2695  0.000e+00
        706    176.250     25.217     9.7807  31.891077     2.4858 9.8650e-01      0.143 7.6823e+00      1.101    93.4800     0.2697  0.000e+00
        707    176.500     25.514     9.7615  31.887932     2.4791 6.5461e-01      0.122 7.3283e+00      1.111    94.8211     0.2127  0.000e+00
        708    176.750     25.810     9.7426  31.883737     2.4714 6.0197e-01      0.135 6.9866e+00      1.127    94.8178     0.2129  0.000e+00
        709    177.000     26.102     9.7202  31.878786     2.4643 5.3788e-01      0.128 6.6951e+00      1.144    94.8097     0.2132  0.000e+00
        710    177.250     26.398     9.6956  31.886134     2.4566 5.1728e-01      0.124 6.4123e+00      1.159    94.8129     0.2131  0.000e+00
        711    177.500     26.675     9.6770  31.894065     2.4478 9.7505e-01      0.134 6.1532e+00      1.167    95.0231     0.2042  0.000e+00
        712    177.750     26.947     9.6652  31.887829     2.4400 5.4704e-01      0.128 5.8950e+00      1.163    95.0182     0.2044  0.000e+00
        713    178.000     27.217     9.6551  31.886957     2.4318 9.5674e-01      0.128 5.7833e+00      1.151    95.0182     0.2044  0.000e+00
        714    178.250     27.483     9.6457  31.885734     2.4244 5.4246e-01      0.135 5.5632e+00      1.135    95.3930     0.1887  0.000e+00
        715    178.500     27.756     9.6375  31.881015     2.4142 4.5548e-01      0.139 5.3351e+00      1.118    95.3962     0.1885  0.000e+00
        716    178.750     28.035     9.6284  31.875071     2.4039 4.0055e-01      0.128 5.1244e+00      1.105    95.3995     0.1884  0.000e+00
        717    179.000     28.327     9.6156  31.866098     2.3939 3.9139e-01      0.132 4.9095e+00      1.100    95.3946     0.1886  0.000e+00
        718    179.250     28.617     9.5992  31.862546     2.3841 3.8453e-01      0.132 4.6959e+00      1.103    95.3962     0.1885  0.000e+00
        719    179.500     28.913     9.5849  31.859984     2.3735 4.8066e-01      0.168 4.4906e+00      1.115    95.3979     0.1885  0.000e+00
        720    179.750     29.204     9.5736  31.857830     2.3645 6.3859e-01      0.158 4.3126e+00      1.130    95.3962     0.1885  0.000e+00
        721    180.000     29.490     9.5635  31.855618     2.3558 6.1799e-01      0.164 4.1311e+00      1.143    95.6423     0.1782  0.000e+00
        722    180.250     29.779     9.5525  31.858417     2.3474 5.2644e-01      0.143 3.9528e+00      1.154    95.6407     0.1783  0.000e+00
        723    180.500     30.064     9.5361  31.857021     2.3391 4.3259e-01      0.137 3.7929e+00      1.158    95.6358     0.1785  0.000e+00
        724    180.750     30.342     9.5214  31.854634     2.3314 5.3788e-01      0.151 3.7224e+00      1.156    95.6358     0.1785  0.000e+00
        725    181.000     30.625     9.5106  31.855860     2.3230 7.0039e-01      0.156 3.5723e+00      1.150    95.6456     0.1781  0.000e+00
        726    181.250     30.903     9.5041  31.856211     2.3154 4.6464e-01      0.139 3.4349e+00      1.142    95.6309     0.1787  0.000e+00
        727    181.500     31.184     9.5005  31.860582     2.3069 4.9210e-01      0.137 3.2919e+00      1.134    95.4777     0.1851  0.000e+00
        728    181.750     31.471     9.4970  31.864721     2.2985 1.1696e+00      0.132 3.1512e+00      1.131    95.4745     0.1852  0.000e+00
        729    182.000     31.750     9.4931  31.861576     2.2906 8.2856e-01      0.143 3.0229e+00      1.128    95.4696     0.1855  0.000e+00
        730    182.250     32.024     9.4882  31.857847     2.2826 4.5548e-01      0.238 2.9135e+00      1.124    95.4842     0.1848  0.000e+00
        731    182.500     32.316     9.4821  31.856043     2.2738 5.7679e-01      0.147 2.7870e+00      1.125    95.3751     0.1894  0.000e+00
        732    182.750     32.595     9.4752  31.858025     2.2667 4.8524e-01      0.143 2.6711e+00      1.126    95.3767     0.1893  0.000e+00
        733    183.000     32.882     9.4678  31.860183     2.2591 4.0513e-01      0.151 2.5637e+00      1.128    95.3669     0.1898  0.000e+00
        734    183.250     33.174     9.4607  31.860593     2.2526 4.2573e-01      0.137 2.4762e+00      1.133    95.5445     0.1823  0.000e+00
        735    183.500     33.464     9.4563  31.863566     2.2458 5.4704e-01      0.135 2.4004e+00      1.138    95.5347     0.1827  0.000e+00
        736    183.750     33.748     9.4542  31.865374     2.2397 5.4932e-01      0.139 2.3055e+00      1.141    95.5380     0.1826  0.000e+00
        737    184.000     34.027     9.4515  31.868522     2.2338 4.0970e-01      0.137 2.2057e+00      1.143    95.5429     0.1824  0.000e+00
        738    184.250     34.302     9.4475  31.871495     2.2274 4.3488e-01      0.130 2.1371e+00      1.142    95.6211     0.1791  0.000e+00
        739    184.500     34.582     9.4447  31.875868     2.2227 4.4404e-01      0.153 2.0416e+00      1.136    95.6195     0.1792  0.000e+00
        740    184.750     34.868     9.4433  31.876452     2.2171 4.7608e-01      0.114 1.9564e+00      1.134    95.6130     0.1794  0.000e+00
        741    185.000     35.147     9.4405  31.881815     2.2120 5.4932e-01      0.130 1.8829e+00      1.129    95.8264     0.1705  0.000e+00
        742    185.250     35.435     9.4312  31.894933     2.2073 8.3772e-01      0.109 1.7973e+00      1.126    95.8199     0.1708  0.000e+00
        743    185.500     35.723     9.4208  31.907645     2.2029 4.7150e-01      0.103 1.7424e+00      1.127    95.8134     0.1711  0.000e+00
        744    185.750     36.004     9.4099  31.914644     2.1982 3.8224e-01      0.101 1.6641e+00      1.130    96.1132     0.1586  0.000e+00
        745    186.000     36.283     9.4022  31.917795     2.1951 4.1886e-01      0.093 1.6218e+00      1.132    96.1197     0.1583  0.000e+00
        746    186.250     36.564     9.3962  31.911207     2.1910 4.0513e-01      0.095 1.5600e+00      1.133    96.1165     0.1584  0.000e+00
        747    186.500     36.852     9.3831  31.887422     2.1862 3.7995e-01      0.113 1.4953e+00      1.134    96.1083     0.1588  0.000e+00
        748    186.750     37.140     9.3528  31.851934     2.1825 4.0970e-01      0.132 1.4410e+00      1.135    96.4537     0.1444  0.000e+00
        749    187.000     37.423     9.3053  31.836092     2.1778 3.9826e-01      0.158 1.3859e+00      1.136    96.4472     0.1447  0.000e+00
        750    187.250     37.700     9.2612  31.829515     2.1715 4.2344e-01      0.143 1.3301e+00      1.133    96.4472     0.1447  0.000e+00
        751    187.500     37.981     9.2307  31.828179     2.1650 4.1199e-01      0.149 1.2826e+00      1.132    96.2387     0.1534  0.000e+00
        752    187.750     38.253     9.2117  31.829288     2.1596 4.3030e-01      0.149 1.2266e+00      1.129    96.2419     0.1532  0.000e+00
        753    188.000     38.525     9.1993  31.821427     2.1505 4.3259e-01      0.145 1.1747e+00      1.124    96.2419     0.1532  0.000e+00
        754    188.250     38.799     9.1877  31.819274     2.1424 4.2573e-01      0.147 1.1367e+00      1.116    95.7580     0.1734  0.000e+00
        755    188.500     39.069     9.1788  31.821431     2.1323 4.5777e-01      0.162 1.0837e+00      1.107    95.7629     0.1732  0.000e+00
        756    188.750     39.344     9.1734  31.824403     2.1209 4.6006e-01      0.141 1.0736e+00      1.100    95.7580     0.1734  0.000e+00
        757    189.000     39.627     9.1687  31.827375     2.1093 5.2415e-01      0.139 1.0306e+00      1.098    95.7629     0.1732  0.000e+00
        758    189.250     39.908     9.1614  31.829182     2.0986 4.9439e-01      0.145 9.8597e-01      1.100    95.4940     0.1844  0.000e+00
        759    189.500     40.195     9.1509  31.828077     2.0870 6.4775e-01      0.156 9.4309e-01      1.105    95.4989     0.1842  0.000e+00
        760    189.750     40.481     9.1399  31.828953     2.0769 5.0813e-01      0.166 8.9927e-01      1.113    95.5005     0.1842  0.000e+00
        761    190.000     40.766     9.1304  31.831518     2.0662 5.0355e-01      0.185 8.7788e-01      1.122    95.6227     0.1790  0.000e+00
        762    190.250     41.044     9.1240  31.836879     2.0560 5.0813e-01      0.164 8.4158e-01      1.127    95.6211     0.1791  0.000e+00
        763    190.500     41.323     9.1202  31.856515     2.0468 4.9897e-01      0.166 8.1851e-01      1.131    95.6293     0.1788  0.000e+00
        764    190.750     41.597     9.1149  31.859081     2.0374 4.9210e-01      0.240 7.8022e-01      1.130    95.2447     0.1949  0.000e+00
        765    191.000     41.869     9.1096  31.853721     2.0282 5.5161e-01      0.214 7.4874e-01      1.124    95.2382     0.1952  0.000e+00
        766    191.250     42.149     9.0954  31.853723     2.0198 5.9968e-01      0.214 7.1938e-01      1.118    95.2333     0.1954  0.000e+00
        767    191.500     42.428     9.0779  31.857514     2.0098 6.6606e-01      0.200 7.0481e-01      1.113    95.2398     0.1951  0.000e+00
        768    191.750     42.712     9.0632  31.839454     2.0000 8.5374e-01      0.277 6.7288e-01      1.111    94.9205     0.2085  0.000e+00
        769    192.000     42.995     9.0445  31.842428     1.9906 7.8050e-01      0.204 6.3481e-01      1.112    94.9188     0.2086  0.000e+00
        770    192.250     43.281     9.0272  31.857522     1.9821 9.8421e-01      0.273 6.0355e-01      1.117    94.9188     0.2086  0.000e+00
        771    192.500     43.562     9.0153  31.865216     1.9725 1.2291e+00      0.202 5.8582e-01      1.122    94.6744     0.2189  0.000e+00
        772    192.750     43.841     9.0075  31.868831     1.9624 8.6519e-01      0.214 5.5203e-01      1.126    94.6760     0.2188  0.000e+00
        773    193.000     44.124     9.0035  31.870581     1.9534 1.0002e+00      0.227 5.3303e-01      1.129    94.6874     0.2184  0.000e+00
        774    193.250     44.403     9.0015  31.878975     1.9440 8.3543e-01      0.267 5.1048e-01      1.129    94.6793     0.2187  0.000e+00
        775    193.500     44.683     9.0010  31.885271     1.9342 8.5603e-01      0.217 4.8614e-01      1.127    93.9656     0.2490  0.000e+00
        776    193.750     44.964     9.0009  31.892442     1.9247 1.1604e+00      0.210 4.6278e-01      1.125    93.9672     0.2489  0.000e+00
        777    194.000     45.238     9.0004  31.895999     1.9161 1.0300e+00      0.221 4.4675e-01      1.122    93.9738     0.2486  0.000e+00
        778    194.250     45.511     9.0002  31.896991     1.9072 9.3385e-01      0.196 4.3212e-01      1.117    94.3387     0.2331  0.000e+00
        779    194.500     45.794     9.0000  31.900548     1.8981 8.3085e-01      0.546 4.1761e-01      1.115    94.3241     0.2337  0.000e+00
        780    194.750     46.066     9.0001  31.904747     1.8903 8.0797e-01      0.240 3.8486e-01      1.112    94.3387     0.2331  0.000e+00
        781    195.000     46.356     9.0003  31.906905     1.8817 8.0797e-01      0.198 3.6470e-01      1.112    94.3306     0.2335  0.000e+00
        782    195.250     46.640     9.0008  31.909063     1.8745 7.5761e-01      0.206 3.5667e-01      1.115    94.3257     0.2337  0.000e+00
        783    195.500     46.930     9.0014  31.910872     1.8681 8.0339e-01      0.216 3.4163e-01      1.121    94.3224     0.2338  0.000e+00
        784    195.750     47.219     9.0019  31.913846     1.8618 7.0954e-01      0.216 3.2192e-01      1.128    94.3208     0.2339  0.000e+00
        785    196.000     47.494     9.0024  31.918629     1.8564 6.9581e-01      0.244 3.0445e-01      1.133    94.5392     0.2246  0.000e+00
        786    196.250     47.773     9.0032  31.923587     1.8510 7.7134e-01      0.196 2.9209e-01      1.135    94.5522     0.2241  0.000e+00
        787    196.500     48.047     9.0046  31.928195     1.8463 9.7963e-01      0.227 2.7618e-01      1.132    94.5343     0.2248  0.000e+00
        788    196.750     48.321     9.0067  31.935544     1.8427 8.4459e-01      0.240 2.6507e-01      1.128    94.4137     0.2299  0.000e+00
        789    197.000     48.595     9.0102  31.934145     1.8386 7.5532e-01      0.223 2.5793e-01      1.119    94.4056     0.2303  0.000e+00
        790    197.250     48.870     9.0122  31.936712     1.8354 7.7134e-01      0.225 2.3709e-01      1.112    94.4121     0.2300  0.000e+00
        791    197.500     49.149     9.0135  31.943596     1.8322 7.6219e-01      0.189 2.2610e-01      1.105    94.1856     0.2396  0.000e+00
        792    197.750     49.435     9.0170  31.957014     1.8294 7.8508e-01      0.237 2.2684e-01      1.105    94.1888     0.2395  0.000e+00
        793    198.000     49.710     9.0242  31.971134     1.8267 6.6606e-01      0.185 2.1707e-01      1.107    94.1888     0.2395  0.000e+00
        794    198.250     50.000     9.0306  31.970959     1.8251 6.6606e-01      0.204 1.9914e-01      1.112    94.1921     0.2393  0.000e+00
        795    198.500     50.284     9.0300  31.988876     1.8231 8.2170e-01      0.183 1.9292e-01      1.119    94.4495     0.2284  0.000e+00
