tests/parsers_test_files/seabird/ctd/1_datCnv_SBE19plus_01907674_2022_05_17_0002.cnv
* Sea-Bird SBE19plus  Data File:
* FileName = C:\Users\Quadra.Lab\Desktop\ctd files\2022-05-17\SBE19plus_01907674_2022_05_17_0002.hex
* Software version 2.8.0.119
* Temperature SN = 7674
* Conductivity SN = 7674
* System UpLoad Time = May 17 2022 13:44:17
* <ApplicationData>
* <Seaterm232>
** Workarea: QUADRA
# nquan = 13
# nvalues = 894                                   
# units = specified
# name 0 = scan: Scan Count
# name 1 = timeS: Time, Elapsed [seconds]
# name 2 = prdM: Pressure, Strain Gauge [db]
# name 3 = tv290C: Temperature [ITS-90, deg C]
# name 4 = c0mS/cm: Conductivity [mS/cm]
# name 5 = sbeox0V: Oxygen raw, SBE 43 [V]
# name 6 = flSP: Fluorescence, Seapoint
# name 7 = seaTurbMtr: Turbidity, Seapoint [FTU]
# name 8 = par: PAR/Irradiance, Biospherical/Licor
# name 9 = dz/dtM: Descent Rate [m/s]
# name 10 = CStarTr0: Beam Transmission, WET Labs C-Star [%]
# name 11 = CStarAt0: Beam Attenuation, WET Labs C-Star [1/m]
# name 12 = flag:  0.000e+00
# span 0 =        241,       1134                 
# span 1 =     60.000,    283.250                 
# span 2 =     -0.245,     63.515                 
# span 3 =     8.8676,    10.5754                 
# span 4 =   3.339002,  32.084300                 
# span 5 =     1.6260,     2.7420                 
# span 6 = 0.0000e+00, 7.6425e+00                 
# span 7 =      0.000,      1.457                 
# span 8 = 1.0000e-12, 2.8984e+03                 
# span 9 =     -1.114,      1.167                 
# span 10 =     0.4719,    96.4537                
# span 11 =     0.1444,    21.4246                
# span 12 = 0.0000e+00, 0.0000e+00                
# interval = seconds: 0.25
# start_time = May 17 2022 11:21:24 [Instrument's time stamp, header]
# bad_flag = -9.990e-29
*END*
[from data line 556]
        797    199.000     50.857     9.0272  31.994015     1.8195 6.8437e-01      0.185 1.7845e-01      1.132    94.4333     0.2291  0.000e+00
        798    199.250     51.142     9.0260  31.996234     1.8183 6.3630e-01      0.210 1.5914e-01      1.137    94.8536     0.2113  0.000e+00
        799    199.500     51.419     9.0253  31.996410     1.8170 7.4617e-01      0.193 1.4377e-01      1.138    94.8520     0.2114  0.000e+00
        800    199.750     51.687     9.0253  31.998454     1.8169 6.3630e-01      0.187 1.5241e-01      1.133    94.8488     0.2115  0.000e+00
        801    200.000     51.964     9.0259  31.999038     1.8173 6.3630e-01      0.189 1.4339e-01      1.128    94.8504     0.2115  0.000e+00
        802    200.250     52.245     9.0261  31.997872     1.8139 8.1254e-01      0.187 1.2842e-01      1.121    94.9156     0.2087  0.000e+00
        803    200.500     52.519     9.0238  31.998048     1.8134 7.7592e-01      0.191 1.2434e-01      1.115    94.9156     0.2087  0.000e+00
        804    200.750     52.797     9.0213  32.011592     1.8127 6.7750e-01      0.168 1.1890e-01      1.110    94.9172     0.2087  0.000e+00
        805    201.000     53.084     9.0220  32.011009     1.8109 5.7679e-01      0.181 1.1099e-01      1.109    95.0329     0.2038  0.000e+00
        806    201.250     53.372     9.0201  32.003830     1.8094 5.3330e-01      0.156 1.0854e-01      1.113    95.0296     0.2039  0.000e+00
        807    201.500     53.653     9.0133  31.994842     1.8087 1.6663e+00      0.170 1.0244e-01      1.119    95.0345     0.2037  0.000e+00
        808    201.750     53.923     9.0024  31.986673     1.8068 7.8508e-01      0.175 9.6510e-02      1.122    95.1991     0.1968  0.000e+00
        809    202.000     54.204     8.9906  31.984690     1.8054 6.6606e-01      0.202 8.9678e-02      1.122    95.1942     0.1970  0.000e+00
        810    202.250     54.474     8.9812  31.984284     1.8035 6.4546e-01      0.237 8.2627e-02      1.119    95.1926     0.1971  0.000e+00
        811    202.500     54.748     8.9742  31.984519     1.8022 7.5990e-01      0.244 8.2563e-02      1.116    95.1893     0.1972  0.000e+00
        812    202.750     55.021     8.9692  31.984695     1.8013 6.7063e-01      0.280 6.9959e-02      1.110    95.2219     0.1958  0.000e+00
        813    203.000     55.286     8.9654  31.983821     1.7989 7.3472e-01      0.250 5.7212e-02      1.100    95.2154     0.1961  0.000e+00
        814    203.250     55.558     8.9627  31.982304     1.7964 7.1183e-01      0.294 5.2627e-02      1.092    95.2137     0.1962  0.000e+00
        815    203.500     55.828     8.9601  31.982130     1.7929 9.1783e-01      0.271 5.8837e-02      1.088    94.5978     0.2221  0.000e+00
        816    203.750     56.110     8.9579  31.982540     1.7901 7.6905e-01      0.282 5.6490e-02      1.088    94.5913     0.2224  0.000e+00
        817    204.000     56.395     8.9551  31.980499     1.7858 7.5532e-01      0.248 4.1822e-02      1.091    94.6043     0.2219  0.000e+00
        818    204.250     56.696     8.9507  31.977757     1.7820 8.4001e-01      0.259 3.7730e-02      1.103    94.0373     0.2459  0.000e+00
        819    204.500     56.990     8.9456  31.977759     1.7764 7.3930e-01      0.259 3.7632e-02      1.117    94.0422     0.2457  0.000e+00
        820    204.750     57.273     8.9404  31.974959     1.7725 8.4001e-01      0.250 3.4589e-02      1.131    94.0389     0.2458  0.000e+00
        821    205.000     57.562     8.9349  31.976127     1.7681 8.1712e-01      0.244 2.4562e-02      1.144    94.0308     0.2462  0.000e+00
        822    205.250     57.833     8.9309  31.976771     1.7638 7.9881e-01      0.271 2.0298e-02      1.149    93.6397     0.2629  0.000e+00
        823    205.500     58.108     8.9281  31.978406     1.7603 8.1025e-01      0.402 1.3767e-02      1.147    93.6430     0.2627  0.000e+00
        824    205.750     58.385     8.9260  31.980158     1.7555 8.6061e-01      0.311 1.3706e-02      1.139    93.6430     0.2627  0.000e+00
        825    206.000     58.660     8.9242  31.981909     1.7519 8.1483e-01      0.307 1.5973e-02      1.128    93.6511     0.2624  0.000e+00
        826    206.250     58.947     8.9229  31.985937     1.7475 8.7663e-01      0.275 1.5253e-02      1.119    93.6658     0.2617  0.000e+00
        827    206.500     59.228     8.9212  31.993701     1.7429 8.8808e-01      0.292 8.2006e-03      1.114    93.6593     0.2620  0.000e+00
        828    206.750     59.512     8.9199  31.997671     1.7399 8.9723e-01      0.320 1.6828e-03      1.115    93.3073     0.2771  0.000e+00
        829    207.000     59.795     8.9197  32.001466     1.7356 9.2012e-01      0.383 1.0689e-03      1.118    93.3073     0.2771  0.000e+00
        830    207.250     60.072     8.9198  32.008239     1.7308 8.6519e-01      0.324 5.3031e-04      1.122    93.3089     0.2770  0.000e+00
        831    207.500     60.346     8.9204  32.016413     1.7272 8.1483e-01      0.345 4.7976e-05      1.123    93.3106     0.2769  0.000e+00
        832    207.750     60.625     8.9221  32.017815     1.7230 8.7892e-01      0.320 1.0146e-04      1.122    92.9765     0.2913  0.000e+00
        833    208.000     60.904     8.9235  32.019567     1.7188 8.8121e-01      0.322 3.0156e-05      1.121    92.9831     0.2910  0.000e+00
        834    208.250     61.187     8.9247  32.023480     1.7151 8.2856e-01      0.370 4.7976e-05      1.118    92.9716     0.2915  0.000e+00
        835    208.500     61.468     8.9263  32.027393     1.7121 8.6748e-01      0.448 3.0156e-05      1.117    92.9114     0.2941  0.000e+00
        836    208.750     61.757     8.9270  32.042753     1.7090 9.5216e-01      0.473 1.1929e-04      1.119    92.9228     0.2936  0.000e+00
        837    209.000     62.038     8.9249  32.048302     1.7063 9.8192e-01      0.427 1.0146e-04      1.122    92.9260     0.2935  0.000e+00
        838    209.250     62.326     8.9206  32.059694     1.7033 9.7505e-01      0.383 1.0000e-12      1.128    92.9228     0.2936  0.000e+00
        839    209.500     62.599     8.9127  32.062324     1.7011 8.9952e-01      0.443 4.7976e-05      1.130    92.2433     0.3230  0.000e+00
        840    209.750     62.880     8.9019  32.070505     1.6986 9.9336e-01      0.574 4.7976e-05      1.130    92.2384     0.3232  0.000e+00
        841    210.000     63.113     8.8904  32.075473     1.6969 1.4282e+00      0.656 1.0146e-04      1.117    92.2270     0.3237  0.000e+00
        842    210.250     63.297     8.8820  32.081259     1.6946 1.3916e+00      0.557 6.5800e-05      1.079    91.6860     0.3472  0.000e+00
        843    210.500     63.423     8.8760  32.083305     1.6911 1.4237e+00      0.637 1.0146e-04      1.010    91.6958     0.3468  0.000e+00
        844    210.750     63.495     8.8718  32.084299     1.6880 1.4672e+00      0.635 1.0146e-04      0.904    91.6942     0.3468  0.000e+00
        845    211.000     63.515     8.8689  32.084300     1.6835 1.3916e+00      0.526 1.3712e-04      0.765    90.3059     0.4079  0.000e+00
        846    211.250     63.501     8.8676  32.082079     1.6790 1.2840e+00      0.530 4.7976e-05      0.599    90.2977     0.4082  0.000e+00
        847    211.500     63.467     8.8696  32.071445     1.6732 1.4763e+00      0.523 8.3626e-05      0.422    90.3026     0.4080  0.000e+00
        848    211.750     63.438     8.8768  32.070510     1.6674 1.3321e+00      0.469 1.2339e-05      0.253    90.2961     0.4083  0.000e+00
        849    212.000     63.408     8.8836  32.067471     1.6619 1.4191e+00      0.568 6.5800e-05      0.113    91.1532     0.3705  0.000e+00
        850    212.250     63.386     8.8888  32.065075     1.6563 1.1559e+00      0.515 1.3712e-04      0.010    91.1451     0.3709  0.000e+00
        851    212.500     63.380     8.8928  32.065483     1.6500 1.0254e+00      0.458 8.3626e-05     -0.052    91.1548     0.3704  0.000e+00
        852    212.750     63.375     8.8948  32.065074     1.6442 1.1742e+00      0.477 1.0000e-12     -0.078    91.1239     0.3718  0.000e+00
        853    213.000     63.371     8.8961  32.062913     1.6397 1.2337e+00      0.448 1.2339e-05     -0.079    91.1157     0.3722  0.000e+00
        854    213.250     63.368     8.8973  32.063088     1.6359 1.8952e+00      0.448 4.7976e-05     -0.065    91.1157     0.3722  0.000e+00
        855    213.500     63.360     8.8975  32.059700     1.6326 1.3436e+00      0.416 1.2339e-05     -0.048    91.4416     0.3579  0.000e+00
        856    213.750     63.346     8.8982  32.055727     1.6295 1.4008e+00      0.402 1.2339e-05     -0.037    91.4432     0.3578  0.000e+00
        857    214.000     63.311     8.9000  32.056311     1.6285 1.2886e+00      0.471 3.0156e-05     -0.037    91.4432     0.3578  0.000e+00
        858    214.250     63.228     8.9013  32.056720     1.6272 1.0254e+00      0.492 6.5800e-05     -0.060    91.4481     0.3576  0.000e+00
        859    214.500     63.087     8.9012  32.057887     1.6260 1.0780e+00      0.408 1.0000e-12     -0.117    91.5149     0.3547  0.000e+00
        860    214.750     62.896     8.9020  32.054791     1.6265 1.1398e+00      0.395 1.1929e-04     -0.207    91.5182     0.3545  0.000e+00
        861    215.000     62.669     8.9050  32.056133     1.6261 1.0437e+00      0.414 1.5496e-04     -0.326    91.5084     0.3550  0.000e+00
        862    215.250     62.412     8.9069  32.048714     1.6264 1.0185e+00      0.437 1.0146e-04     -0.468    91.4237     0.3587  0.000e+00
        863    215.500     62.141     8.9090  32.046903     1.6273 9.7505e-01      0.431 6.5800e-05     -0.620    91.4090     0.3593  0.000e+00
        864    215.750     61.862     8.9117  32.046142     1.6273 9.7276e-01      0.418 3.0156e-05     -0.767    91.4302     0.3584  0.000e+00
        865    216.000     61.570     8.9137  32.043104     1.6282 9.3385e-01      0.423 4.7976e-05     -0.896    91.4612     0.3570  0.000e+00
        866    216.250     61.282     8.9157  32.040708     1.6285 9.7047e-01      0.536 6.5800e-05     -0.995    91.5931     0.3513  0.000e+00
        867    216.500     61.004     8.9173  32.039364     1.6295 1.0964e+00      0.393 1.3712e-04     -1.061    91.6046     0.3508  0.000e+00
        868    216.750     60.728     8.9181  32.040531     1.6305 9.9565e-01      0.366 1.0146e-04     -1.100    91.5997     0.3510  0.000e+00
        869    217.000     60.466     8.9184  32.039538     1.6316 9.0867e-01      0.345 2.3550e-03     -1.114    92.2188     0.3240  0.000e+00
        870    217.250     60.206     8.9186  32.035332     1.6332 9.9565e-01      0.332 1.0146e-04     -1.112    92.2205     0.3240  0.000e+00
        871    217.500     59.949     8.9193  32.033170     1.6343 9.6818e-01      0.355 5.4822e-04     -1.100    92.2172     0.3241  0.000e+00
        872    217.750     59.696     8.9201  32.031710     1.6364 9.2699e-01      0.334 1.1950e-03     -1.081    92.6946     0.3034  0.000e+00
        873    218.000     59.452     8.9209  32.028555     1.6375 9.2927e-01      0.332 5.9709e-03     -1.058    92.7044     0.3030  0.000e+00
        874    218.250     59.198     8.9216  32.026160     1.6392 9.2241e-01      0.322 7.6820e-03     -1.038    92.7044     0.3030  0.000e+00
        875    218.500     58.947     8.9223  32.019970     1.6407 9.5674e-01      0.313 1.2720e-02     -1.024    92.6930     0.3035  0.000e+00
        876    218.750     58.692     8.9228  32.016174     1.6427 9.2927e-01      0.324 1.2100e-02     -1.014    92.9179     0.2938  0.000e+00
        877    219.000     58.433     8.9236  32.017166     1.6447 9.0410e-01      0.311 2.0127e-02     -1.012    92.9228     0.2936  0.000e+00
        878    219.250     58.161     8.9240  32.008817     1.6465 9.4759e-01      0.290 2.2238e-02     -1.016    92.9179     0.2938  0.000e+00
        879    219.500     57.889     8.9248  32.007648     1.6493 9.5216e-01      0.294 2.4783e-02     -1.026    93.0124     0.2898  0.000e+00
        880    219.750     57.615     8.9256  32.006596     1.6501 9.2241e-01      0.284 2.5673e-02     -1.040    93.0108     0.2898  0.000e+00
        881    220.000     57.341     8.9265  32.002859     1.6518 9.2241e-01      0.284 2.7177e-02     -1.056    93.0124     0.2898  0.000e+00
        882    220.250     57.077     8.9272  32.001224     1.6542 9.4301e-01      0.275 4.0445e-02     -1.067    93.4914     0.2692  0.000e+00
        883    220.500     56.824     8.9273  31.997662     1.6551 9.8650e-01      0.288 4.3926e-02     -1.071    93.4947     0.2691  0.000e+00
        884    220.750     56.586     8.9273  31.993692     1.6570 1.0323e+00      0.259 4.1596e-02     -1.065    93.4735     0.2700  0.000e+00
        885    221.000     56.340     8.9274  31.991882     1.6593 9.2241e-01      0.269 5.1038e-02     -1.051    93.4947     0.2691  0.000e+00
        886    221.250     56.098     8.9274  31.989313     1.6615 9.0410e-01      0.248 5.0851e-02     -1.032    93.7473     0.2583  0.000e+00
        887    221.500     55.839     8.9281  31.986511     1.6626 8.3543e-01      0.252 5.6212e-02     -1.016    93.7489     0.2582  0.000e+00
        888    221.750     55.573     8.9298  31.983300     1.6639 9.0181e-01      0.271 5.5881e-02     -1.008    93.7456     0.2583  0.000e+00
        889    222.000     55.299     8.9330  31.982132     1.6656 7.7592e-01      0.267 6.2049e-02     -1.009    93.8157     0.2554  0.000e+00
        890    222.250     55.020     8.9364  31.981722     1.6681 8.7434e-01      0.265 7.7810e-02     -1.022    93.8190     0.2552  0.000e+00
        891    222.500     54.750     8.9409  31.982888     1.6706 9.2470e-01      0.275 7.7181e-02     -1.040    93.8287     0.2548  0.000e+00
        892    222.750     54.489     8.9442  31.982887     1.6709 8.5374e-01      0.244 7.6118e-02     -1.057    93.9640     0.2490  0.000e+00
        893    223.000     54.234     8.9468  31.982536     1.6722 8.7434e-01      0.252 8.3145e-02     -1.066    93.9558     0.2494  0.000e+00
        894    223.250     53.987     8.9484  31.982768     1.6744 7.9881e-01      0.238 9.2518e-02     -1.065    93.9558     0.2494  0.000e+00
        895    223.500     53.741     8.9500  31.982125     1.6757 8.1025e-01      0.193 9.5401e-02     -1.054    93.9607     0.2492  0.000e+00
        896    223.750     53.493     8.9520  31.981891     1.6778 9.2927e-01      0.196 9.8397e-02     -1.038    94.3436     0.2329  0.000e+00
        897    224.000     53.234     8.9535  31.981715     1.6812 7.2099e-01      0.231 1.0301e-01     -1.024    94.3485     0.2327  0.000e+00
        898    224.250     52.964     8.9553  31.981889     1.6829 7.3014e-01      0.196 1.0851e-01     -1.017    94.3436     0.2329  0.000e+00
        899    224.500     52.699     8.9586  31.983113     1.6857 6.7063e-01      0.217 1.1476e-01     -1.018    95.0329     0.2038  0.000e+00
        900    224.750     52.433     8.9624  31.984863     1.6882 6.3630e-01      0.202 1.2992e-01     -1.025    95.0247     0.2041  0.000e+00
        901    225.000     52.167     8.9651  31.985095     1.6903 6.6606e-01      0.198 1.4061e-01     -1.036    95.0345     0.2037  0.000e+00
        902    225.250     51.906     8.9663  31.984861     1.6930 6.9581e-01      0.198 1.4027e-01     -1.047    95.0215     0.2043  0.000e+00
        903    225.500     51.642     8.9676  31.988245     1.6955 7.0726e-01      0.191 1.5659e-01     -1.055    95.1486     0.1989  0.000e+00
        904    225.750     51.378     8.9731  31.992037     1.6986 6.8208e-01      0.189 1.6841e-01     -1.059    95.1486     0.1989  0.000e+00
        905    226.000     51.118     8.9816  31.991686     1.7027 7.7134e-01      0.200 1.7007e-01     -1.057    95.1600     0.1984  0.000e+00
        906    226.250     50.861     8.9866  31.992676     1.7045 7.1183e-01      0.210 1.8236e-01     -1.052    95.0850     0.2016  0.000e+00
