tests/parsers_test_files/seabird/ctd/8_binAvg_SBE19plus_01907674_2024_04_11_0009.cnv
* Sea-Bird SBE19plus  Data File:
* FileName = C:\Users\Jon\Desktop\CTD\2024-04-11\SBE19plus_01907674_2024_04_11_0009.hex
* Software version 2.8.0.119
* Temperature SN = 7674
* Conductivity SN = 7674
* System UpLoad Time = Apr 11 2024 14:57:43
* <ApplicationData>
* <Seaterm232>
** Workarea: QUADRA
** Organization: HAKAI
# nquan = 20
# nvalues = 479                         
# units = specified
# name 0 = scan: Scan Count
# name 1 = timeS: Time, Elapsed [seconds]
# name 2 = prdM: Pressure, Strain Gauge [db]
# name 3 = tv290C: Temperature [ITS-90, deg C]
# name 4 = c0mS/cm: Conductivity [mS/cm]
# name 5 = sbeox0V: Oxygen raw, SBE 43 [V]
# name 6 = flSP: Fluorescence, Seapoint
# name 7 = seaTurbMtr: Turbidity, Seapoint [FTU]
# name 8 = par: PAR/Irradiance, Biospherical/Licor
# name 9 = dz/dtM: Descent Rate [m/s]
# name 10 = CStarTr0: Beam Transmission, WET Labs C-Star [%]
# name 11 = CStarAt0: Beam Attenuation, WET Labs C-Star [1/m]
# name 12 = depSM: Depth [salt water, m], lat = 50
# name 13 = sal00: Salinity, Practical [PSU]
# name 14 = sbeox0ML/L: Oxygen, SBE 43 [ml/l], WS = 2
# name 15 = gsw_saA0: Absolute Salinity [g/kg]
# name 16 = gsw_ctA0: Conservative Temperature [ITS-90, deg C]
# name 17 = gsw_densityA0: density, TEOS-10 [density, kg/m^3]
# name 18 = nbin: number of scans per bin
# name 19 = flag: flag
# span 0 =        776,       2761       
# span 1 =    193.674,    690.100       
# span 2 =      1.000,    479.000       
# span 3 =     8.9177,     9.3296       
# span 4 =  29.785830,  33.276202       
# span 5 =     1.2799,     2.5813       
# span 6 = 1.1592e-01, 2.3510e+00       
# span 7 =      0.204,      1.007       
# span 8 = 6.9208e-06, 2.3321e+02       
# span 9 =      0.128,      1.185       
# span 10 =    89.5024,    98.7750      
# span 11 =     0.0493,     0.4436      
# span 12 =      0.991,    474.344      
# span 13 =    27.2671,    30.7579      
# span 14 =     2.6833,     6.9391      
# span 15 =    27.3992,    30.9145      
# span 16 =     8.9359,     9.3808      
# span 17 =  1021.0542,  1025.9930      
# span 18 =          3,         11      
# span 19 = 0.0000e+00, 0.0000e+00      
# interval = decibars: 1                
# start_time = Apr 11 2024 14:12:10 [Instrument's time stamp, header]
# bad_flag = -9.990e-29
*END*
        776    193.674      1.000     9.1733  29.785830     2.5813 2.1428e+00      0.339 2.3321e+02      0.128    89.5024     0.4436      0.991    27.2671     6.9391    27.3992     9.2934  1021.0542          6 0.0000e+00
        783    195.450      2.000     9.1710  30.013833     2.5528 2.3510e+00      0.314 1.6401e+02      0.626    89.7508     0.4325      1.983    27.4989     6.7237    27.6322     9.2872  1021.2402          6 0.0000e+00
        788    196.863      3.000     9.1694  30.268415     2.5100 1.8334e+00      0.311 1.1741e+02      0.708    90.7756     0.3872      2.974    27.7574     6.5010    27.8919     9.2813  1021.4468          6 0.0000e+00
        794    198.147      4.000     9.1691  30.529275     2.4669 1.6781e+00      0.310 9.1088e+01      0.764    91.7062     0.3464      3.966    28.0215     6.3567    28.1572     9.2766  1021.6577          5 0.0000e+00
        798    199.351      5.000     9.1713  30.761100     2.4317 1.4356e+00      0.305 7.3387e+01      0.842    92.5130     0.3113      4.957    28.2545     6.2784    28.3913     9.2749  1021.8440          4 0.0000e+00
        803    200.540      6.000     9.1749  31.010980     2.4076 1.2442e+00      0.285 6.2842e+01      0.868    93.4252     0.2721      5.949    28.5050     6.2385    28.6429     9.2743  1022.0437          5 0.0000e+00
        808    201.727      7.000     9.1663  31.110731     2.3890 1.0943e+00      0.273 5.3043e+01      0.828    94.2794     0.2357      6.940    28.6128     6.1895    28.7512     9.2637  1022.1337          5 0.0000e+00
        813    202.910      8.000     9.1572  31.135913     2.3712 1.0442e+00      0.291 4.6147e+01      0.861    94.5888     0.2225      7.931    28.6452     6.1325    28.7837     9.2540  1022.1649          5 0.0000e+00
        817    204.105      9.000     9.1506  31.149264     2.3534 1.0161e+00      0.280 4.0690e+01      0.824    94.6019     0.2220      8.923    28.6638     6.0494    28.8023     9.2469  1022.1849          4 0.0000e+00
        822    205.289     10.000     9.1439  31.176731     2.3251 1.0016e+00      0.277 3.5683e+01      0.845    94.7067     0.2175      9.914    28.6967     5.8698    28.8353     9.2396  1022.2162          5 0.0000e+00
        827    206.483     11.000     9.1246  31.275374     2.2832 8.5533e-01      0.324 3.1571e+01      0.845    94.8809     0.2102     10.905    28.8123     5.6935    28.9514     9.2181  1022.3139          5 0.0000e+00
        832    207.676     12.000     9.1053  31.383990     2.2422 7.6458e-01      0.304 2.7911e+01      0.825    95.3036     0.1924     11.897    28.9381     5.5618    29.0780     9.1965  1022.4197          5 0.0000e+00
        836    208.844     13.000     9.0955  31.473495     2.2022 7.3984e-01      0.294 2.4785e+01      0.833    95.6204     0.1791     12.888    29.0370     5.4144    29.1773     9.1849  1022.5030          4 0.0000e+00
        841    209.968     14.000     9.0901  31.577787     2.1619 7.2152e-01      0.311 2.1879e+01      0.869    95.8437     0.1698     13.879    29.1475     5.2955    29.2883     9.1775  1022.5947          5 0.0000e+00
        845    211.035     15.000     9.0875  31.645914     2.1298 6.6414e-01      0.331 1.9619e+01      0.894    95.9380     0.1659     14.871    29.2187     5.2234    29.3598     9.1737  1022.6554          4 0.0000e+00
        849    212.041     16.000     9.0866  31.676723     2.1042 6.4818e-01      0.319 1.7265e+01      0.976    95.9654     0.1647     15.862    29.2505     5.1804    29.3918     9.1721  1022.6850          4 0.0000e+00
        853    213.018     17.000     9.0868  31.695875     2.0865 6.5688e-01      0.344 1.5101e+01      1.048    95.9073     0.1672     16.854    29.2695     5.1620    29.4109     9.1719  1022.7044          4 0.0000e+00
        857    214.001     18.000     9.0872  31.707713     2.0726 6.3781e-01      0.341 1.3403e+01      1.044    95.8687     0.1687     17.845    29.2808     5.1414    29.4223     9.1720  1022.7178          3 0.0000e+00
        861    214.982     19.000     9.0875  31.713839     2.0617 6.7143e-01      0.340 1.1722e+01      0.987    95.8924     0.1678     18.836    29.2864     5.1244    29.4279     9.1722  1022.7266          4 0.0000e+00
        865    215.953     20.000     9.0871  31.722805     2.0531 6.3631e-01      0.364 1.0197e+01      1.043    95.8569     0.1693     19.828    29.2956     5.1019    29.4371     9.1714  1022.7384          4 0.0000e+00
        869    216.938     21.000     9.0860  31.737486     2.0443 6.4893e-01      0.357 9.0561e+00      1.033    95.8308     0.1703     20.819    29.3110     5.0711    29.4526     9.1700  1022.7552          4 0.0000e+00
        873    217.926     22.000     9.0846  31.755451     2.0352 6.0262e-01      0.348 7.9309e+00      0.992    95.8499     0.1695     21.810    29.3301     5.0482    29.4717     9.1682  1022.7749          4 0.0000e+00
        877    218.904     23.000     9.0836  31.768343     2.0285 5.8128e-01      0.359 6.9667e+00      1.021    95.8510     0.1695     22.801    29.3438     5.0381    29.4853     9.1668  1022.7902          4 0.0000e+00
        881    219.892     24.000     9.0829  31.774294     2.0225 5.7496e-01      0.379 6.1203e+00      1.042    95.8401     0.1699     23.793    29.3500     5.0267    29.4915     9.1660  1022.7997          4 0.0000e+00
        885    220.902     25.000     9.0826  31.779763     2.0182 5.7919e-01      0.357 5.3531e+00      1.000    95.8529     0.1694     24.784    29.3554     5.0184    29.4969     9.1655  1022.8085          4 0.0000e+00
        889    221.927     26.000     9.0816  31.787962     2.0132 5.9713e-01      0.344 4.7370e+00      0.972    95.8413     0.1698     25.776    29.3642     4.9951    29.5057     9.1642  1022.8200          4 0.0000e+00
        893    222.961     27.000     9.0805  31.796535     2.0070 5.7200e-01      0.356 4.1259e+00      0.976    95.8717     0.1687     26.767    29.3735     4.9709    29.5150     9.1628  1022.8321          4 0.0000e+00
        897    224.019     28.000     9.0796  31.811628     2.0007 5.6893e-01      0.359 3.6253e+00      0.954    95.8539     0.1694     27.758    29.3892     4.9489    29.5307     9.1616  1022.8489          5 0.0000e+00
        901    225.075     29.000     9.0795  31.824882     1.9944 5.5566e-01      0.372 3.2056e+00      0.919    95.8330     0.1703     28.749    29.4025     4.9245    29.5439     9.1611  1022.8639          4 0.0000e+00
        905    226.117     30.000     9.0809  31.837651     1.9864 5.4653e-01      0.353 2.7745e+00      0.973    95.8964     0.1676     29.741    29.4139     4.8800    29.5554     9.1623  1022.8771          4 0.0000e+00
        910    227.188     31.000     9.0852  31.861085     1.9754 5.6471e-01      0.357 2.4398e+00      0.982    95.9405     0.1658     30.731    29.4340     4.8326    29.5755     9.1662  1022.8967          4 0.0000e+00
        914    228.280     32.000     9.0901  31.885517     1.9645 5.2545e-01      0.359 2.1560e+00      0.873    95.9812     0.1641     31.723    29.4544     4.8036    29.5960     9.1707  1022.9165          5 0.0000e+00
        918    229.343     33.000     9.0927  31.895836     1.9553 5.4367e-01      0.357 1.8662e+00      0.943    96.0089     0.1629     32.714    29.4624     4.7860    29.6040     9.1731  1022.9270          4 0.0000e+00
        923    230.413     34.000     9.0944  31.902558     1.9485 5.0140e-01      0.360 1.6504e+00      0.948    96.0176     0.1626     33.706    29.4674     4.7786    29.6091     9.1746  1022.9352          4 0.0000e+00
        927    231.468     35.000     9.0954  31.908741     1.9435 5.2549e-01      0.338 1.4354e+00      0.905    96.0277     0.1621     34.697    29.4726     4.7693    29.6143     9.1754  1022.9437          4 0.0000e+00
        931    232.493     36.000     9.0958  31.915020     1.9391 5.1186e-01      0.361 1.2503e+00      0.986    96.0523     0.1611     35.688    29.4782     4.7561    29.6199     9.1757  1022.9525          5 0.0000e+00
        935    233.538     37.000     9.0963  31.921169     1.9350 4.9785e-01      0.349 1.0888e+00      0.989    96.0864     0.1597     36.680    29.4837     4.7482    29.6254     9.1760  1022.9613          4 0.0000e+00
        939    234.598     38.000     9.0966  31.925266     1.9318 4.6996e-01      0.357 9.4237e-01      0.923    96.1087     0.1588     37.671    29.4872     4.7438    29.6289     9.1761  1022.9686          4 0.0000e+00
        944    235.651     39.000     9.0966  31.931860     1.9295 5.0444e-01      0.348 8.2997e-01      0.947    96.1230     0.1581     38.662    29.4935     4.7406    29.6353     9.1759  1022.9781          4 0.0000e+00
        948    236.720     40.000     9.0962  31.936622     1.9273 5.2182e-01      0.361 7.1624e-01      0.964    96.1037     0.1590     39.653    29.4984     4.7391    29.6401     9.1753  1022.9865          5 0.0000e+00
        952    237.812     41.000     9.0959  31.940968     1.9267 4.7598e-01      0.354 6.2439e-01      0.897    96.0783     0.1600     40.645    29.5026     4.7354    29.6444     9.1748  1022.9945          4 0.0000e+00
        957    238.887     42.000     9.0963  31.943026     1.9237 4.8307e-01      0.361 5.4018e-01      0.916    96.0524     0.1611     41.636    29.5040     4.7162    29.6458     9.1751  1023.0001          4 0.0000e+00
        961    239.973     43.000     9.0972  31.948517     1.9207 4.9323e-01      0.382 4.6064e-01      0.951    96.0387     0.1616     42.627    29.5084     4.7094    29.6502     9.1758  1023.0079          5 0.0000e+00
        965    241.079     44.000     9.0977  31.954387     1.9181 4.9490e-01      0.367 4.0032e-01      0.892    96.0410     0.1616     43.618    29.5136     4.7004    29.6554     9.1761  1023.0165          4 0.0000e+00
        970    242.181     45.000     9.0981  31.960208     1.9146 5.1853e-01      0.395 3.3533e-01      0.903    96.0650     0.1606     44.610    29.5188     4.6787    29.6607     9.1763  1023.0251          4 0.0000e+00
        974    243.295     46.000     9.0981  31.973774     1.9092 4.9634e-01      0.362 2.8735e-01      0.910    96.0877     0.1596     45.601    29.5322     4.6607    29.6741     9.1761  1023.0402          5 0.0000e+00
        979    244.404     47.000     9.0984  31.986060     1.9063 4.5850e-01      0.346 2.4542e-01      0.874    96.1939     0.1552     46.592    29.5442     4.6620    29.6862     9.1760  1023.0541          4 0.0000e+00
        983    245.502     48.000     9.0984  31.994282     1.9021 6.0036e-01      0.349 1.9312e-01      0.928    96.2117     0.1545     47.583    29.5521     4.6381    29.6942     9.1758  1023.0648          5 0.0000e+00
        987    246.617     49.000     9.0985  31.998755     1.8981 4.4455e-01      0.350 1.6405e-01      0.902    96.1540     0.1569     48.574    29.5562     4.6339    29.6982     9.1758  1023.0726          4 0.0000e+00
        992    247.730     50.000     9.0987  32.000810     1.8958 4.7055e-01      0.363 1.3369e-01      0.887    96.1017     0.1591     49.565    29.5578     4.6337    29.6998     9.1758  1023.0783          5 0.0000e+00
        996    248.849     51.000     9.0986  32.003521     1.8943 5.3408e-01      0.360 1.1187e-01      0.916    96.1140     0.1585     50.556    29.5602     4.6333    29.7023     9.1756  1023.0848          4 0.0000e+00
       1001    249.976     52.000     9.0980  32.011503     1.8929 4.7020e-01      0.361 8.4807e-02      0.865    96.1610     0.1566     51.548    29.5685     4.6299    29.7106     9.1747  1023.0960          5 0.0000e+00
       1005    251.084     53.000     9.0972  32.017895     1.8919 4.7140e-01      0.377 6.0858e-02      0.907    96.1506     0.1570     52.539    29.5752     4.6317    29.7174     9.1737  1023.1060          4 0.0000e+00
       1010    252.207     54.000     9.0971  32.018191     1.8918 4.8472e-01      0.375 4.7561e-02      0.917    96.1402     0.1574     53.530    29.5752     4.6335    29.7174     9.1735  1023.1106          5 0.0000e+00
       1014    253.351     55.000     9.0974  32.017099     1.8914 4.5107e-01      0.346 2.1343e-02      0.853    96.1151     0.1585     54.521    29.5735     4.6319    29.7157     9.1737  1023.1138          4 0.0000e+00
       1019    254.479     56.000     9.0974  32.019047     1.8908 5.0257e-01      0.365 9.3068e-03      0.882    96.1260     0.1580     55.512    29.5750     4.6250    29.7173     9.1736  1023.1196          5 0.0000e+00
       1023    255.612     57.000     9.0974  32.025324     1.8887 4.7413e-01      0.371 1.8379e-04      0.889    96.1091     0.1587     56.503    29.5810     4.5897    29.7233     9.1734  1023.1288          4 0.0000e+00
       1028    256.729     58.000     9.0989  32.054808     1.8787 4.5537e-01      0.390 7.0364e-05      0.872    96.1166     0.1584     57.495    29.6096     4.5139    29.7520     9.1743  1023.1555          5 0.0000e+00
       1032    257.833     59.000     9.1025  32.118904     1.8655 4.1469e-01      0.365 8.2621e-05      0.930    96.1473     0.1571     58.486    29.6716     4.4607    29.8144     9.1769  1023.2080          4 0.0000e+00
       1037    258.953     60.000     9.1052  32.151219     1.8523 4.0678e-01      0.408 3.1953e-05      0.892    96.2122     0.1545     59.477    29.7020     4.4218    29.8449     9.1790  1023.2359          5 0.0000e+00
       1041    260.064     61.000     9.1073  32.171464     1.8415 3.8950e-01      0.385 4.8509e-05      0.890    96.2495     0.1529     60.468    29.7205     4.4073    29.8636     9.1807  1023.2547          4 0.0000e+00
       1046    261.178     62.000     9.1086  32.184243     1.8340 3.8371e-01      0.340 1.4625e-04      0.916    96.2573     0.1526     61.460    29.7322     4.3995    29.8753     9.1817  1023.2681          4 0.0000e+00
       1050    262.285     63.000     9.1084  32.181922     1.8294 3.9493e-01      0.377 9.7090e-05      0.881    96.2534     0.1528     62.451    29.7295     4.4013    29.8726     9.1814  1023.2707          5 0.0000e+00
       1055    263.383     64.000     9.1086  32.184183     1.8265 3.9022e-01      0.390 6.1256e-05      0.941    96.2268     0.1538     63.442    29.7312     4.4000    29.8744     9.1815  1023.2766          4 0.0000e+00
       1059    264.511     65.000     9.1092  32.188616     1.8246 3.7338e-01      0.406 4.7989e-05      0.889    96.2431     0.1532     64.433    29.7348     4.4003    29.8780     9.1819  1023.2839          5 0.0000e+00
       1064    265.642     66.000     9.1097  32.192026     1.8237 3.6843e-01      0.388 6.9631e-05      0.888    96.2451     0.1531     65.424    29.7375     4.3983    29.8807     9.1823  1023.2905          4 0.0000e+00
       1068    266.824     67.000     9.1101  32.194568     1.8215 3.7826e-01      0.376 5.2183e-05      0.915    96.2396     0.1533     66.415    29.7394     4.3846    29.8826     9.1826  1023.2965          5 0.0000e+00
       1074    268.333     68.000     9.1109  32.201192     1.8186 3.9578e-01      0.405 7.1141e-05      0.785    96.2423     0.1532     67.406    29.7450     4.3749    29.8883     9.1832  1023.3054          8 0.0000e+00
       1084    270.873     69.000     9.1117  32.213591     1.8124 4.0055e-01      0.374 4.1238e-05      0.269    96.3223     0.1499     68.397    29.7566     4.3551    29.9000     9.1837  1023.3190         11 0.0000e+00
       1094    273.290     70.000     9.1121  32.223206     1.8091 4.4065e-01      0.406 8.9346e-05      0.383    96.3653     0.1481     69.388    29.7657     4.3544    29.9092     9.1838  1023.3306          8 0.0000e+00
       1101    275.067     71.000     9.1120  32.225539     1.8078 3.8701e-01      0.370 5.1787e-05      0.626    96.3326     0.1494     70.379    29.7678     4.3476    29.9113     9.1836  1023.3368          7 0.0000e+00
       1108    276.811     72.000     9.1121  32.230787     1.8057 3.5324e-01      0.359 1.4181e-04      0.550    96.3060     0.1506     71.370    29.7727     4.3392    29.9162     9.1835  1023.3452          7 0.0000e+00
