tests/parsers_test_files/seabird/ctd/8_binAvg_SBE19plus_01907674_2024_04_11_0009.cnv
* Sea-Bird SBE19plus  Data File:
* FileName = C:\Users\Jon\Desktop\CTD\2024-04-11\SBE19plus_01907674_2024_04_11_0009.hex
* Software version 2.8.0.119
* Temperature SN = 7674
* Conductivity SN = 7674
* System UpLoad Time = Apr 11 2024 14:57:43
* <ApplicationData>
* <Seaterm232>
** Workarea: QUADRA
** Organization: HAKAI
# nquan = 20
# nvalues = 479                         
# units = specified
# name 0 = scan: Scan Count
# name 1 = timeS: Time, Elapsed [seconds]
# name 2 = prdM: Pressure, Strain Gauge [db]
# name 3 = tv290C: Temperature [ITS-90, deg C]
# name 4 = c0mS/cm: Conductivity [mS/cm]
# name 5 = sbeox0V: Oxygen raw, SBE 43 [V]
# name 6 = flSP: Fluorescence, Seapoint
# name 7 = seaTurbMtr: Turbidity, Seapoint [FTU]
# name 8 = par: PAR/Irradiance, Biospherical/Licor
# name 9 = dz/dtM: Descent Rate [m/s]
# name 10 = CStarTr0: Beam Transmission, WET Labs C-Star [%]
# name 11 = CStarAt0: Beam Attenuation, WET Labs C-Star [1/m]
# name 12 = depSM: Depth [salt water, m], lat = 50
# name 13 = sal00: Salinity, Practical [PSU]
# name 14 = sbeox0ML/L: Oxygen, SBE 43 [ml/l], WS = 2
# name 15 = gsw_saA0: Absolute Salinity [g/kg]
# name 16 = gsw_ctA0: Conservative Temperature [ITS-90, deg C]
# name 17 = gsw_densityA0: density, TEOS-10 [density, kg/m^3]
# name 18 = nbin: number of scans per bin
# name 19 = flag: flag
# span 0 =        776,       2761       
# span 1 =    193.674,    690.100       
# span 2 =      1.000,    479.000       
# span 3 =     8.9177,     9.3296       
# span 4 =  29.785830,  33.276202       
# span 5 =     1.2799,     2.5813       
# span 6 = 1.1592e-01, 2.3510e+00       
# span 7 =      0.204,      1.007       
# span 8 = 6.9208e-06, 2.3321e+02       
# span 9 =      0.128,      1.185       
# span 10 =    89.5024,    98.7750      
# span 11 =     0.0493,     0.4436      
# span 12 =      0.991,    474.344      
# span 13 =    27.2671,    30.7579      
# span 14 =     2.6833,     6.9391      
# span 15 =    27.3992,    30.9145      
# span 16 =     8.9359,     9.3808      
# span 17 =  1021.0542,  1025.9930      
# span 18 =          3,         11      
# span 19 = 0.0000e+00, 0.0000e+00      
# interval = decibars: 1                
# start_time = Apr 11 2024 14:12:10 [Instrument's time stamp, header]
# bad_flag = -9.990e-29
*END*
[from data line 145]
       1434    358.360    146.000     9.3214  33.156487     1.4671 1.5553e-01      0.329 6.8919e-05      0.970    97.1594     0.1153    144.697    30.5109     3.1933    30.6597     9.3737  1024.2284          4 0.0000e+00
       1438    359.372    147.000     9.3244  33.165119     1.4650 1.3340e-01      0.443 9.9982e-05      0.997    97.1491     0.1156    145.688    30.5167     3.1892    30.6655     9.3765  1024.2370          4 0.0000e+00
       1443    360.392    148.000     9.3260  33.168551     1.4636 1.4206e-01      0.336 8.1396e-05      0.980    97.1452     0.1159    146.679    30.5184     3.1861    30.6673     9.3780  1024.2427          4 0.0000e+00
       1447    361.403    149.000     9.3271  33.171144     1.4620 1.3426e-01      0.442 8.7864e-05      0.969    97.1445     0.1158    147.669    30.5198     3.1812    30.6687     9.3789  1024.2481          4 0.0000e+00
       1451    362.406    150.000     9.3284  33.174819     1.4606 1.4686e-01      0.370 7.3480e-05      1.008    97.1301     0.1164    148.660    30.5220     3.1771    30.6709     9.3801  1024.2542          4 0.0000e+00
       1455    363.407    151.000     9.3291  33.176919     1.4591 1.4176e-01      0.319 8.9813e-06      0.984    97.1419     0.1160    149.651    30.5231     3.1724    30.6720     9.3807  1024.2595          4 0.0000e+00
       1459    364.387    152.000     9.3293  33.180256     1.4580 1.4133e-01      0.351 7.3277e-05      0.998    97.1699     0.1148    150.641    30.5259     3.1703    30.6749     9.3808  1024.2663          4 0.0000e+00
       1462    365.351    153.000     9.3295  33.183030     1.4568 1.4357e-01      0.339 6.0434e-05      1.037    97.1402     0.1160    151.632    30.5281     3.1694    30.6771     9.3808  1024.2725          4 0.0000e+00
       1466    366.303    154.000     9.3296  33.185591     1.4560 1.3566e-01      0.332 7.1636e-05      1.046    97.1318     0.1164    152.623    30.5302     3.1585    30.6792     9.3808  1024.2787          4 0.0000e+00
       1470    367.253    155.000     9.3295  33.190201     1.4531 1.3657e-01      0.320 3.9048e-05      1.072    97.1356     0.1162    153.614    30.5346     3.1324    30.6837     9.3805  1024.2867          3 0.0000e+00
       1474    368.215    156.000     9.3270  33.205255     1.4480 1.4246e-01      0.329 7.0890e-05      1.054    97.1445     0.1159    154.604    30.5516     3.1085    30.7008     9.3776  1024.3050          4 0.0000e+00
       1478    369.179    157.000     9.3236  33.223416     1.4429 1.3105e-01      0.354 1.0667e-04      1.026    97.0980     0.1178    155.595    30.5727     3.0868    30.7220     9.3737  1024.3265          4 0.0000e+00
       1482    370.147    158.000     9.3201  33.232890     1.4367 1.4038e-01      0.334 4.0396e-05      1.043    97.0893     0.1182    156.586    30.5849     3.0641    30.7343     9.3699  1024.3412          4 0.0000e+00
       1485    371.122    159.000     9.3122  33.246485     1.4310 1.3734e-01      0.340 9.5325e-05      1.027    97.0764     0.1187    157.576    30.6051     3.0528    30.7546     9.3615  1024.3627          4 0.0000e+00
       1489    372.096    160.000     9.3082  33.250497     1.4262 1.3455e-01      0.382 5.9817e-05      1.019    97.0266     0.1207    158.567    30.6122     3.0439    30.7618     9.3573  1024.3735          4 0.0000e+00
       1493    373.073    161.000     9.3073  33.251829     1.4227 1.4370e-01      0.338 1.3714e-04      1.036    96.9957     0.1220    159.557    30.6139     3.0424    30.7635     9.3562  1024.3796          4 0.0000e+00
       1497    374.061    162.000     9.3069  33.252673     1.4206 1.4420e-01      0.334 8.1231e-05      1.017    96.9872     0.1223    160.548    30.6147     3.0456    30.7643     9.3557  1024.3848          4 0.0000e+00
       1501    375.053    163.000     9.3065  33.253151     1.4197 1.4048e-01      0.345 5.5821e-05      1.005    96.9556     0.1237    161.539    30.6151     3.0496    30.7647     9.3552  1024.3897          4 0.0000e+00
       1505    376.046    164.000     9.3067  33.253399     1.4190 1.3545e-01      0.365 8.3767e-05      1.004    96.9899     0.1223    162.529    30.6148     3.0459    30.7644     9.3552  1024.3940          4 0.0000e+00
       1509    377.035    165.000     9.3062  33.253752     1.4177 1.3921e-01      0.393 2.0706e-05      0.999    97.0107     0.1214    163.520    30.6151     3.0391    30.7648     9.3546  1024.3989          4 0.0000e+00
       1513    378.017    166.000     9.3056  33.254298     1.4167 1.3860e-01      0.344 6.6208e-05      1.023    96.9906     0.1222    164.511    30.6158     3.0377    30.7655     9.3540  1024.4041          4 0.0000e+00
       1517    379.005    167.000     9.3047  33.255067     1.4154 1.3797e-01      0.334 8.8691e-05      1.027    97.0057     0.1216    165.501    30.6170     3.0372    30.7667     9.3528  1024.4098          4 0.0000e+00
       1521    379.998    168.000     9.3034  33.255797     1.4156 1.2972e-01      0.332 5.1483e-05      0.998    96.9789     0.1227    166.492    30.6184     3.0400    30.7681     9.3514  1024.4156          3 0.0000e+00
       1525    380.992    169.000     9.3043  33.255996     1.4146 1.4290e-01      0.351 9.6180e-05      1.006    96.9757     0.1228    167.483    30.6174     3.0360    30.7672     9.3523  1024.4193          4 0.0000e+00
       1529    381.997    170.000     9.3052  33.256506     1.4142 1.3415e-01      0.345 6.2885e-05      1.005    97.0070     0.1215    168.473    30.6168     3.0292    30.7665     9.3530  1024.4232          5 0.0000e+00
       1533    383.001    171.000     9.3012  33.255170     1.4120 1.4192e-01      0.347 1.0473e-04      0.973    96.9877     0.1223    169.464    30.6184     3.0133    30.7682     9.3489  1024.4297          3 0.0000e+00
       1537    383.992    172.000     9.2858  33.248580     1.4094 1.4451e-01      0.346 8.8542e-06      1.002    96.9808     0.1226    170.454    30.6244     3.0037    30.7742     9.3333  1024.4413          4 0.0000e+00
       1541    384.982    173.000     9.2647  33.236980     1.4061 1.4863e-01      0.343 7.4566e-05      1.023    97.0095     0.1214    171.445    30.6302     2.9913    30.7800     9.3119  1024.4537          4 0.0000e+00
       1545    385.970    174.000     9.2541  33.234073     1.4035 1.3441e-01      0.316 1.0805e-04      1.007    97.0368     0.1203    172.436    30.6359     2.9892    30.7858     9.3010  1024.4644          4 0.0000e+00
       1549    386.957    175.000     9.2509  33.235145     1.4009 1.3685e-01      0.339 5.9931e-05      1.017    97.0367     0.1203    173.426    30.6393     2.9841    30.7892     9.2977  1024.4721          4 0.0000e+00
       1553    387.946    176.000     9.2485  33.235195     1.3992 1.4228e-01      0.344 6.1387e-05      1.011    97.0570     0.1195    174.417    30.6409     2.9788    30.7909     9.2951  1024.4784          4 0.0000e+00
       1557    388.935    177.000     9.2463  33.236008     1.3969 1.3766e-01      0.342 6.0052e-05      1.011    97.0612     0.1193    175.407    30.6432     2.9685    30.7933     9.2927  1024.4851          4 0.0000e+00
       1561    389.924    178.000     9.2440  33.237164     1.3946 1.4031e-01      0.396 7.3129e-05      1.017    97.0391     0.1202    176.398    30.6460     2.9677    30.7961     9.2902  1024.4922          4 0.0000e+00
       1565    390.919    179.000     9.2412  33.237518     1.3934 1.4378e-01      0.345 6.2942e-05      1.005    97.0777     0.1186    177.389    30.6484     2.9650    30.7985     9.2873  1024.4991          4 0.0000e+00
       1569    391.909    180.000     9.2386  33.238068     1.3918 1.4067e-01      0.364 7.9009e-05      0.996    97.0821     0.1185    178.379    30.6507     2.9593    30.8008     9.2846  1024.5058          4 0.0000e+00
       1573    392.893    181.000     9.2364  33.239071     1.3902 1.3785e-01      0.365 6.3078e-05      1.026    97.0790     0.1186    179.370    30.6532     2.9505    30.8033     9.2822  1024.5127          4 0.0000e+00
       1577    393.884    182.000     9.2342  33.240357     1.3875 1.4252e-01      0.356 5.8707e-05      1.014    97.0688     0.1190    180.360    30.6560     2.9374    30.8063     9.2798  1024.5198          4 0.0000e+00
       1580    394.869    183.000     9.2299  33.242628     1.3849 1.3680e-01      0.374 7.6999e-05      0.997    97.0804     0.1186    181.351    30.6616     2.9304    30.8119     9.2753  1024.5294          4 0.0000e+00
       1584    395.847    184.000     9.2255  33.245235     1.3826 1.4344e-01      0.338 5.0330e-05      1.032    97.0801     0.1185    182.341    30.6676     2.9285    30.8179     9.2707  1024.5393          4 0.0000e+00
       1588    396.833    185.000     9.2238  33.246620     1.3814 1.3760e-01      0.327 8.6080e-05      1.021    97.0638     0.1192    183.332    30.6700     2.9306    30.8204     9.2689  1024.5461          4 0.0000e+00
       1592    397.817    186.000     9.2232  33.247517     1.3806 1.3895e-01      0.331 5.6120e-05      1.007    97.0874     0.1182    184.322    30.6710     2.9298    30.8214     9.2682  1024.5515          4 0.0000e+00
       1596    398.801    187.000     9.2230  33.248298     1.3792 1.3428e-01      0.354 4.1406e-05      1.025    97.1224     0.1167    185.313    30.6716     2.9174    30.8220     9.2678  1024.5566          4 0.0000e+00
       1600    399.790    188.000     9.2227  33.248974     1.3774 1.3023e-01      0.335 8.2410e-05      1.005    97.1334     0.1163    186.303    30.6721     2.9244    30.8226     9.2674  1024.5616          4 0.0000e+00
       1604    400.770    189.000     9.2225  33.249437     1.3783 1.3809e-01      0.389 3.8217e-05      1.011    97.1114     0.1173    187.294    30.6724     2.9237    30.8229     9.2670  1024.5665          4 0.0000e+00
       1608    401.749    190.000     9.2220  33.250150     1.3757 1.4038e-01      0.336 5.7511e-05      1.034    97.1043     0.1176    188.285    30.6731     2.9103    30.8236     9.2665  1024.5717          3 0.0000e+00
       1612    402.727    191.000     9.2216  33.250918     1.3759 1.3442e-01      0.338 5.5335e-05      1.007    97.1138     0.1171    189.275    30.6738     2.9210    30.8244     9.2659  1024.5768          4 0.0000e+00
       1616    403.689    192.000     9.2212  33.251683     1.3755 1.3199e-01      0.336 3.4062e-05      1.034    97.0830     0.1185    190.265    30.6745     2.9184    30.8250     9.2654  1024.5820          4 0.0000e+00
       1620    404.657    193.000     9.2210  33.252364     1.3751 1.3749e-01      0.314 1.0691e-04      1.058    97.0429     0.1201    191.256    30.6749     2.9165    30.8256     9.2651  1024.5869          4 0.0000e+00
       1624    405.635    194.000     9.2208  33.253162     1.3744 1.3155e-01      0.330 7.6860e-05      1.013    97.0784     0.1186    192.246    30.6755     2.9106    30.8261     9.2648  1024.5920          4 0.0000e+00
       1627    406.607    195.000     9.2202  33.254551     1.3733 1.3554e-01      0.360 5.9089e-05      1.027    97.1161     0.1170    193.237    30.6770     2.9081    30.8277     9.2641  1024.5979          4 0.0000e+00
       1631    407.584    196.000     9.2196  33.256215     1.3726 1.3891e-01      0.371 7.1967e-05      1.035    97.1190     0.1169    194.228    30.6788     2.9072    30.8295     9.2634  1024.6039          4 0.0000e+00
       1635    408.566    197.000     9.2192  33.257362     1.3717 1.4390e-01      0.415 1.0277e-04      1.017    97.1161     0.1171    195.218    30.6799     2.9033    30.8306     9.2628  1024.6094          4 0.0000e+00
       1639    409.553    198.000     9.2186  33.258796     1.3708 1.3358e-01      0.346 3.2223e-05      1.020    97.0556     0.1196    196.208    30.6815     2.9007    30.8323     9.2620  1024.6153          4 0.0000e+00
       1643    410.547    199.000     9.2179  33.260774     1.3699 1.3803e-01      0.324 4.0583e-05      1.003    97.0840     0.1184    197.199    30.6837     2.8969    30.8345     9.2612  1024.6217          4 0.0000e+00
       1647    411.538    200.000     9.2173  33.262058     1.3688 1.2803e-01      0.342 4.0505e-05      1.001    97.1270     0.1166    198.189    30.6851     2.8968    30.8360     9.2605  1024.6275          4 0.0000e+00
       1651    412.525    201.000     9.2171  33.262597     1.3687 1.2446e-01      0.323 7.7567e-05      1.010    97.1363     0.1162    199.180    30.6854     2.9001    30.8363     9.2601  1024.6324          4 0.0000e+00
       1655    413.506    202.000     9.2168  33.262991     1.3683 1.3358e-01      0.364 5.5504e-05      1.017    97.1333     0.1163    200.170    30.6856     2.8940    30.8365     9.2598  1024.6371          3 0.0000e+00
       1659    414.487    203.000     9.2166  33.263710     1.3670 1.3846e-01      0.336 7.4666e-05      1.029    97.1060     0.1175    201.161    30.6862     2.8884    30.8371     9.2594  1024.6421          4 0.0000e+00
       1663    415.469    204.000     9.2159  33.264483     1.3664 1.3916e-01      0.352 7.9062e-05      1.011    97.0987     0.1177    202.151    30.6871     2.8908    30.8380     9.2587  1024.6475          4 0.0000e+00
       1667    416.445    205.000     9.2147  33.265108     1.3661 1.4150e-01      0.368 3.0845e-05      1.022    97.1369     0.1162    203.142    30.6884     2.8924    30.8393     9.2573  1024.6533          4 0.0000e+00
       1671    417.426    206.000     9.2140  33.265819     1.3657 1.3352e-01      0.586 1.0829e-04      1.031    97.1477     0.1157    204.132    30.6892     2.8915    30.8402     9.2565  1024.6586          4 0.0000e+00
       1675    418.407    207.000     9.2140  33.266855     1.3656 1.2918e-01      0.307 9.6632e-05      1.004    97.1410     0.1160    205.123    30.6899     2.8925    30.8409     9.2563  1024.6637          4 0.0000e+00
       1679    419.381    208.000     9.2139  33.267743     1.3653 1.3335e-01      0.360 7.8379e-05      1.033    97.1608     0.1152    206.113    30.6905     2.8879    30.8416     9.2561  1024.6688          4 0.0000e+00
       1682    420.361    209.000     9.2137  33.267838     1.3646 1.3107e-01      0.329 1.0884e-04      1.020    97.1740     0.1147    207.104    30.6904     2.8867    30.8414     9.2558  1024.6733          4 0.0000e+00
       1686    421.334    210.000     9.2132  33.267953     1.3641 1.3323e-01      0.340 3.5715e-05      1.018    97.1644     0.1150    208.094    30.6905     2.8870    30.8415     9.2552  1024.6780          4 0.0000e+00
       1690    422.309    211.000     9.2128  33.268899     1.3639 1.3707e-01      0.346 3.6871e-05      1.045    97.1577     0.1154    209.084    30.6914     2.8842    30.8425     9.2546  1024.6833          4 0.0000e+00
       1694    423.294    212.000     9.2110  33.270110     1.3629 1.3260e-01      0.353 4.5612e-05      1.010    97.1691     0.1148    210.075    30.6937     2.8766    30.8448     9.2527  1024.6900          4 0.0000e+00
       1698    424.272    213.000     9.2084  33.270737     1.3615 1.3988e-01      0.326 7.3941e-05      1.016    97.1390     0.1161    211.065    30.6962     2.8709    30.8474     9.2500  1024.6969          4 0.0000e+00
       1702    425.257    214.000     9.2066  33.272150     1.3598 1.3572e-01      0.311 7.3064e-05      1.035    97.1020     0.1177    212.056    30.6988     2.8646    30.8500     9.2480  1024.7038          4 0.0000e+00
       1706    426.251    215.000     9.2056  33.274250     1.3584 1.3199e-01      0.344 6.1800e-05      0.996    97.1081     0.1174    213.046    30.7013     2.8609    30.8525     9.2469  1024.7104          3 0.0000e+00
       1710    427.242    216.000     9.2047  33.275645     1.3567 1.3869e-01      0.316 6.8763e-05      1.002    97.1217     0.1168    214.036    30.7031     2.8497    30.8543     9.2458  1024.7166          4 0.0000e+00
       1714    428.239    217.000     9.2011  33.276202     1.3542 1.3089e-01      0.379 4.3896e-05      1.017    97.1604     0.1152    215.027    30.7064     2.8451    30.8577     9.2420  1024.7243          4 0.0000e+00
