tests/parsers_test_files/seabird/ctd/8_binAvg_SBE19plus_01907674_2024_04_11_0009.cnv
* Sea-Bird SBE19plus  Data File:
* FileName = C:\Users\Jon\Desktop\CTD\2024-04-11\SBE19plus_01907674_2024_04_11_0009.hex
* Software version 2.8.0.119
* Temperature SN = 7674
* Conductivity SN = 7674
* System UpLoad Time = Apr 11 2024 14:57:43
* <ApplicationData>
* <Seaterm232>
** Workarea: QUADRA
** Organization: HAKAI
# nquan = 20
# nvalues = 479                         
# units = specified
# name 0 = scan: Scan Count
# name 1 = timeS: Time, Elapsed [seconds]
# name 2 = prdM: Pressure, Strain Gauge [db]
# name 3 = tv290C: Temperature [ITS-90, deg C]
# name 4 = c0mS/cm: Conductivity [mS/cm]
# name 5 = sbeox0V: Oxygen raw, SBE 43 [V]
# name 6 = flSP: Fluorescence, Seapoint
# name 7 = seaTurbMtr: Turbidity, Seapoint [FTU]
# name 8 = par: PAR/Irradiance, Biospherical/Licor
# name 9 = dz/dtM: Descent Rate [m/s]
# name 10 = CStarTr0: Beam Transmission, WET Labs C-Star [%]
# name 11 = CStarAt0: Beam Attenuation, WET Labs C-Star [1/m]
# name 12 = depSM: Depth [salt water, m], lat = 50
# name 13 = sal00: Salinity, Practical [PSU]
# name 14 = sbeox0ML/L: Oxygen, SBE 43 [ml/l], WS = 2
# name 15 = gsw_saA0: Absolute Salinity [g/kg]
# name 16 = gsw_ctA0: Conservative Temperature [ITS-90, deg C]
# name 17 = gsw_densityA0: density, TEOS-10 [density, kg/m^3]
# name 18 = nbin: number of scans per bin
# name 19 = flag: flag
# span 0 =        776,       2761       
# span 1 =    193.674,    690.100       
# span 2 =      1.000,    479.000       
# span 3 =     8.9177,     9.3296       
# span 4 =  29.785830,  33.276202       
# span 5 =     1.2799,     2.5813       
# span 6 = 1.1592e-01, 2.3510e+00       
# span 7 =      0.204,      1.007       
# span 8 = 6.9208e-06, 2.3321e+02       
# span 9 =      0.128,      1.185       
# span 10 =    89.5024,    98.7750      
# span 11 =     0.0493,     0.4436      
# span 12 =      0.991,    474.344      
# span 13 =    27.2671,    30.7579      
# span 14 =     2.6833,     6.9391      
# span 15 =    27.3992,    30.9145      
# span 16 =     8.9359,     9.3808      
# span 17 =  1021.0542,  1025.9930      
# span 18 =          3,         11      
# span 19 = 0.0000e+00, 0.0000e+00      
# interval = decibars: 1                
# start_time = Apr 11 2024 14:12:10 [Instrument's time stamp, header]
# bad_flag = -9.990e-29
*END*
[from data line 435]
       2580    644.662    436.000     8.9547  33.202776     1.2914 1.2699e-01      0.244 7.3281e-05      1.012    98.1131     0.0762    431.807    30.7517     2.7362    30.9076     8.9707  1025.7967          4 0.0000e+00
       2584    645.657    437.000     8.9554  33.203915     1.2916 1.2349e-01      0.271 1.1183e-04      1.010    98.1242     0.0758    432.796    30.7518     2.7351    30.9077     8.9714  1025.8012          4 0.0000e+00
       2588    646.655    438.000     8.9570  33.206345     1.2912 1.2596e-01      0.236 1.1395e-04      0.999    98.1136     0.0762    433.786    30.7525     2.7307    30.9085     8.9729  1025.8060          4 0.0000e+00
       2592    647.654    439.000     8.9582  33.207957     1.2906 1.2706e-01      0.253 7.6056e-05      1.003    98.1448     0.0749    434.775    30.7527     2.7289    30.9087     8.9740  1025.8105          4 0.0000e+00
       2596    648.655    440.000     8.9588  33.208569     1.2898 1.2880e-01      0.250 6.4360e-05      0.998    98.1373     0.0752    435.764    30.7525     2.7258    30.9085     8.9744  1025.8148          4 0.0000e+00
       2600    649.655    441.000     8.9592  33.209755     1.2895 1.2993e-01      0.262 5.3845e-05      1.000    98.1220     0.0758    436.754    30.7529     2.7311    30.9089     8.9747  1025.8196          4 0.0000e+00
       2604    650.658    442.000     8.9596  33.210620     1.2902 1.3344e-01      0.247 4.4675e-05      1.002    98.1084     0.0763    437.743    30.7530     2.7352    30.9090     8.9751  1025.8242          4 0.0000e+00
       2608    651.665    443.000     8.9598  33.211143     1.2896 1.2202e-01      0.268 3.6864e-05      0.991    98.0851     0.0773    438.732    30.7530     2.7278    30.9091     8.9751  1025.8287          4 0.0000e+00
       2612    652.672    444.000     8.9597  33.211280     1.2897 1.3024e-01      0.274 6.9389e-05      0.992    98.0701     0.0780    439.721    30.7528     2.7362    30.9089     8.9749  1025.8331          4 0.0000e+00
       2616    653.679    445.000     8.9599  33.211799     1.2905 1.2869e-01      0.242 4.5181e-05      0.992    98.0701     0.0779    440.711    30.7528     2.7358    30.9088     8.9750  1025.8376          4 0.0000e+00
       2620    654.688    446.000     8.9606  33.213203     1.2900 1.1841e-01      0.256 8.8799e-05      0.996    98.0843     0.0774    441.700    30.7531     2.7326    30.9093     8.9756  1025.8423          4 0.0000e+00
       2624    655.697    447.000     8.9605  33.213249     1.2904 1.2576e-01      0.399 2.2338e-05      0.988    98.0280     0.0796    442.689    30.7529     2.7383    30.9090     8.9754  1025.8467          4 0.0000e+00
       2628    656.706    448.000     8.9605  33.213582     1.2906 1.2964e-01      0.272 1.1097e-04      0.992    98.0323     0.0795    443.679    30.7528     2.7340    30.9089     8.9753  1025.8512          4 0.0000e+00
       2632    657.715    449.000     8.9618  33.215451     1.2894 1.1997e-01      0.248 2.6130e-05      0.991    98.0446     0.0790    444.668    30.7532     2.7260    30.9094     8.9765  1025.8558          4 0.0000e+00
       2636    658.723    450.000     8.9643  33.218867     1.2895 1.2702e-01      0.261 7.6439e-05      0.991    98.0126     0.0803    445.657    30.7542     2.7298    30.9103     8.9789  1025.8607          4 0.0000e+00
       2640    659.731    451.000     8.9659  33.221039     1.2884 1.2899e-01      0.260 5.8821e-05      0.993    97.9703     0.0820    446.647    30.7546     2.7205    30.9108     8.9804  1025.8653          4 0.0000e+00
       2644    660.740    452.000     8.9660  33.221347     1.2873 1.2684e-01      0.285 5.5013e-05      0.988    97.9174     0.0842    447.636    30.7544     2.7186    30.9106     8.9803  1025.8697          4 0.0000e+00
       2648    661.747    453.000     8.9643  33.219515     1.2869 1.2452e-01      0.251 8.3656e-05      0.995    97.9138     0.0843    448.625    30.7536     2.7229    30.9098     8.9785  1025.8739          5 0.0000e+00
       2652    662.755    454.000     8.9651  33.220973     1.2867 1.2267e-01      0.257 3.6806e-05      0.991    97.9282     0.0837    449.615    30.7540     2.7227    30.9102     8.9793  1025.8786          4 0.0000e+00
       2656    663.762    455.000     8.9669  33.223548     1.2865 1.2550e-01      0.256 9.2309e-05      0.992    97.8860     0.0855    450.604    30.7546     2.7243    30.9109     8.9809  1025.8834          4 0.0000e+00
       2660    664.766    456.000     8.9680  33.224888     1.2867 1.2487e-01      0.315 4.5238e-05      0.994    97.8622     0.0864    451.593    30.7547     2.7233    30.9109     8.9819  1025.8878          4 0.0000e+00
       2664    665.770    457.000     8.9694  33.226868     1.2861 1.3038e-01      0.274 4.0195e-05      1.000    97.8636     0.0864    452.582    30.7551     2.7194    30.9114     8.9832  1025.8924          4 0.0000e+00
       2668    666.778    458.000     8.9700  33.227896     1.2858 1.2691e-01      0.327 6.1111e-05      0.996    97.8239     0.0880    453.571    30.7552     2.7220    30.9115     8.9837  1025.8970          4 0.0000e+00
       2672    667.788    459.000     8.9701  33.228182     1.2861 1.2803e-01      0.268 4.6581e-05      0.988    97.8210     0.0881    454.561    30.7550     2.7243    30.9113     8.9837  1025.9013          4 0.0000e+00
       2676    668.799    460.000     8.9713  33.230001     1.2860 1.2712e-01      0.600 7.8906e-05      0.991    97.8518     0.0869    455.550    30.7554     2.7210    30.9118     8.9848  1025.9060          4 0.0000e+00
       2680    669.811    461.000     8.9728  33.232194     1.2853 1.2328e-01      0.300 4.0004e-05      0.985    97.8336     0.0876    456.539    30.7560     2.7134    30.9123     8.9862  1025.9107          4 0.0000e+00
       2684    670.822    462.000     8.9736  33.233498     1.2842 1.2465e-01      0.274 4.2830e-05      0.988    97.7875     0.0895    457.528    30.7562     2.7145    30.9126     8.9869  1025.9153          4 0.0000e+00
       2688    671.834    463.000     8.9739  33.234202     1.2843 1.2584e-01      0.296 8.0104e-05      0.993    97.7730     0.0901    458.517    30.7562     2.7173    30.9126     8.9871  1025.9198          4 0.0000e+00
       2692    672.847    464.000     8.9741  33.234861     1.2841 1.2755e-01      0.273 9.9561e-05      0.984    97.7353     0.0916    459.507    30.7563     2.7188    30.9127     8.9872  1025.9244          4 0.0000e+00
       2696    673.861    465.000     8.9747  33.235948     1.2842 1.2873e-01      0.284 5.9334e-05      0.988    97.6686     0.0944    460.496    30.7565     2.7190    30.9130     8.9876  1025.9291          4 0.0000e+00
       2700    674.874    466.000     8.9749  33.236475     1.2842 1.2589e-01      0.282 1.0922e-04      0.987    97.5664     0.0985    461.485    30.7565     2.7163    30.9129     8.9877  1025.9335          4 0.0000e+00
       2705    675.888    467.000     8.9752  33.237167     1.2835 1.2299e-01      0.281 4.0858e-05      0.985    97.5574     0.0989    462.475    30.7566     2.7134    30.9130     8.9879  1025.9381          4 0.0000e+00
       2709    676.899    468.000     8.9756  33.238051     1.2833 1.2361e-01      0.347 6.8565e-05      0.983    97.4234     0.1045    463.464    30.7567     2.7151    30.9132     8.9882  1025.9427          4 0.0000e+00
       2713    677.906    469.000     8.9761  33.239046     1.2833 1.2714e-01      0.314 4.4271e-05      0.992    97.3245     0.1085    464.453    30.7569     2.7195    30.9133     8.9886  1025.9472          4 0.0000e+00
       2717    678.909    470.000     8.9767  33.240183     1.2837 1.2822e-01      0.291 7.3470e-05      0.997    97.5241     0.1002    465.442    30.7571     2.7173    30.9136     8.9891  1025.9519          4 0.0000e+00
       2721    679.913    471.000     8.9770  33.240899     1.2831 1.2877e-01      0.333 4.0602e-05      1.000    97.5064     0.1010    466.431    30.7572     2.7115    30.9137     8.9893  1025.9564          4 0.0000e+00
       2725    680.919    472.000     8.9774  33.241838     1.2823 1.2636e-01      0.303 5.9500e-05      0.995    97.4696     0.1025    467.420    30.7574     2.7097    30.9139     8.9895  1025.9611          4 0.0000e+00
       2729    681.927    473.000     8.9777  33.242431     1.2820 1.2586e-01      0.308 6.0200e-05      0.992    97.4795     0.1021    468.409    30.7573     2.7108    30.9139     8.9897  1025.9655          4 0.0000e+00
       2733    682.939    474.000     8.9782  33.243374     1.2817 1.3015e-01      0.339 1.0754e-04      0.999    97.4651     0.1027    469.399    30.7575     2.7118    30.9141     8.9901  1025.9701          4 0.0000e+00
       2737    683.967    475.000     8.9783  33.244000     1.2818 1.2114e-01      0.301 4.6009e-05      0.991    97.4344     0.1040    470.388    30.7576     2.7132    30.9142     8.9902  1025.9747          4 0.0000e+00
       2741    685.035    476.000     8.9786  33.244787     1.2816 1.3829e-01      0.288 4.3087e-05      0.990    97.4471     0.1034    471.377    30.7577     2.7093    30.9143     8.9903  1025.9793          5 0.0000e+00
       2746    686.234    477.000     8.9789  33.245445     1.2805 1.2288e-01      0.304 7.2322e-05      0.929    97.4378     0.1038    472.366    30.7577     2.7032    30.9144     8.9905  1025.9838          5 0.0000e+00
       2752    687.812    478.000     8.9792  33.246095     1.2799 1.2576e-01      0.337 7.5416e-05      0.688    97.4132     0.1048    473.355    30.7577     2.7083    30.9143     8.9907  1025.9883          8 0.0000e+00
       2761    690.100    479.000     8.9794  33.246832     1.2813 1.3700e-01      0.333 1.6234e-04      0.322    97.4719     0.1024    474.344    30.7579     2.7170    30.9145     8.9908  1025.9930          3 0.0000e+00
