tests/parsers_test_files/seabird/ctd/8_binAvg_SBE19plus_01907674_2024_04_11_0009.cnv
* Sea-Bird SBE19plus  Data File:
* FileName = C:\Users\Jon\Desktop\CTD\2024-04-11\SBE19plus_01907674_2024_04_11_0009.hex
* Software version 2.8.0.119
* Temperature SN = 7674
* Conductivity SN = 7674
* System UpLoad Time = Apr 11 2024 14:57:43
* <ApplicationData>
* <Seaterm232>
** Workarea: QUADRA
** Organization: HAKAI
# nquan = 20
# nvalues = 479                         
# units = specified
# name 0 = scan: Scan Count
# name 1 = timeS: Time, Elapsed [seconds]
# name 2 = prdM: Pressure, Strain Gauge [db]
# name 3 = tv290C: Temperature [ITS-90, deg C]
# name 4 = c0mS/cm: Conductivity [mS/cm]
# name 5 = sbeox0V: Oxygen raw, SBE 43 [V]
# name 6 = flSP: Fluorescence, Seapoint
# name 7 = seaTurbMtr: Turbidity, Seapoint [FTU]
# name 8 = par: PAR/Irradiance, Biospherical/Licor
# name 9 = dz/dtM: Descent Rate [m/s]
# name 10 = CStarTr0: Beam Transmission, WET Labs C-Star [%]
# name 11 = CStarAt0: Beam Attenuation, WET Labs C-Star [1/m]
# name 12 = depSM: Depth [salt water, m], lat = 50
# name 13 = sal00: Salinity, Practical [PSU]
# name 14 = sbeox0ML/L: Oxygen, SBE 43 [ml/l], WS = 2
# name 15 = gsw_saA0: Absolute Salinity [g/kg]
# name 16 = gsw_ctA0: Conservative Temperature [ITS-90, deg C]
# name 17 = gsw_densityA0: density, TEOS-10 [density, kg/m^3]
# name 18 = nbin: number of scans per bin
# name 19 = flag: flag
# span 0 =        776,       2761       
# span 1 =    193.674,    690.100       
# span 2 =      1.000,    479.000       
# span 3 =     8.9177,     9.3296       
# span 4 =  29.785830,  33.276202       
# span 5 =     1.2799,     2.5813       
# span 6 = 1.1592e-01, 2.3510e+00       
# span 7 =      0.204,      1.007       
# span 8 = 6.9208e-06, 2.3321e+02       
# span 9 =      0.128,      1.185       
# span 10 =    89.5024,    98.7750      
# span 11 =     0.0493,     0.4436      
# span 12 =      0.991,    474.344      
# span 13 =    27.2671,    30.7579      
# span 14 =     2.6833,     6.9391      
# span 15 =    27.3992,    30.9145      
# span 16 =     8.9359,     9.3808      
# span 17 =  1021.0542,  1025.9930      
# span 18 =          3,         11      
# span 19 = 0.0000e+00, 0.0000e+00      
# interval = decibars: 1                
# start_time = Apr 11 2024 14:12:10 [Instrument's time stamp, header]
# bad_flag = -9.990e-29
*END*
[from data line 218]
       1722    430.229    219.000     9.1926  33.275340     1.3513 1.2560e-01      0.385 3.1725e-05      1.008    97.1427     0.1160    217.007    30.7120     2.8397    30.8633     9.2332  1024.7391          4 0.0000e+00
       1726    431.221    220.000     9.1906  33.275025     1.3501 1.2891e-01      0.335 9.1325e-05      1.018    97.1284     0.1165    217.998    30.7129     2.8401    30.8643     9.2311  1024.7447          4 0.0000e+00
       1730    432.215    221.000     9.1898  33.275157     1.3493 1.3000e-01      0.364 9.6313e-05      1.001    97.1698     0.1148    218.988    30.7134     2.8375    30.8647     9.2301  1024.7497          4 0.0000e+00
       1734    433.211    222.000     9.1892  33.275415     1.3483 1.2679e-01      0.322 6.5572e-05      1.011    97.1873     0.1141    219.979    30.7137     2.8356    30.8651     9.2294  1024.7546          4 0.0000e+00
       1738    434.212    223.000     9.1884  33.275472     1.3477 1.3076e-01      0.341 1.0787e-04      0.995    97.1993     0.1136    220.969    30.7140     2.8309    30.8654     9.2285  1024.7596          4 0.0000e+00
       1742    435.205    224.000     9.1875  33.275447     1.3463 1.3047e-01      0.322 4.1706e-05      0.999    97.1752     0.1146    221.959    30.7143     2.8296    30.8658     9.2275  1024.7645          4 0.0000e+00
       1746    436.201    225.000     9.1862  33.275122     1.3460 1.3416e-01      0.322 9.4297e-05      1.021    97.1876     0.1141    222.950    30.7147     2.8312    30.8662     9.2261  1024.7696          4 0.0000e+00
       1750    437.204    226.000     9.1852  33.275006     1.3454 1.3019e-01      0.392 1.8078e-05      0.983    97.1944     0.1138    223.940    30.7150     2.8299    30.8665     9.2250  1024.7745          4 0.0000e+00
       1754    438.190    227.000     9.1846  33.275096     1.3452 1.2864e-01      0.367 1.8515e-05      1.000    97.1943     0.1138    224.930    30.7153     2.8330    30.8668     9.2242  1024.7794          4 0.0000e+00
       1758    439.178    228.000     9.1831  33.274567     1.3453 1.2333e-01      0.314 6.2332e-05      1.039    97.2031     0.1135    225.921    30.7156     2.8332    30.8671     9.2226  1024.7844          4 0.0000e+00
       1762    440.173    229.000     9.1819  33.274257     1.3450 1.3379e-01      0.370 7.4574e-05      0.992    97.2362     0.1121    226.911    30.7159     2.8285    30.8674     9.2213  1024.7894          4 0.0000e+00
       1766    441.161    230.000     9.1808  33.274016     1.3442 1.3155e-01      0.340 7.8666e-05      1.013    97.2459     0.1117    227.901    30.7161     2.8284    30.8677     9.2201  1024.7944          4 0.0000e+00
       1770    442.158    231.000     9.1787  33.272994     1.3442 1.3397e-01      0.373 9.6057e-05      1.017    97.2423     0.1119    228.892    30.7165     2.8285    30.8681     9.2179  1024.7995          4 0.0000e+00
       1774    443.155    232.000     9.1755  33.271219     1.3436 1.3154e-01      0.327 6.8534e-05      0.983    97.2658     0.1109    229.882    30.7170     2.8260    30.8685     9.2146  1024.8050          4 0.0000e+00
       1778    444.143    233.000     9.1738  33.270582     1.3432 1.3045e-01      0.348 1.0063e-04      1.020    97.2782     0.1104    230.872    30.7174     2.8276    30.8690     9.2128  1024.8101          4 0.0000e+00
       1782    445.136    234.000     9.1730  33.270683     1.3431 1.3799e-01      0.347 6.8981e-05      1.006    97.2681     0.1108    231.862    30.7178     2.8269    30.8694     9.2118  1024.8151          4 0.0000e+00
       1785    446.121    235.000     9.1717  33.270485     1.3428 1.3164e-01      0.341 7.3893e-05      1.006    97.2511     0.1115    232.853    30.7182     2.8240    30.8699     9.2104  1024.8203          4 0.0000e+00
       1789    447.107    236.000     9.1712  33.270776     1.3419 1.3161e-01      0.356 7.6050e-06      1.029    97.2259     0.1125    233.843    30.7186     2.8197    30.8702     9.2098  1024.8252          4 0.0000e+00
       1793    448.096    237.000     9.1698  33.270490     1.3415 1.3550e-01      0.310 4.3870e-05      0.998    97.2453     0.1117    234.834    30.7191     2.8204    30.8707     9.2083  1024.8303          4 0.0000e+00
       1797    449.078    238.000     9.1663  33.268753     1.3407 1.2471e-01      0.321 5.9420e-05      1.022    97.2540     0.1114    235.824    30.7198     2.8174    30.8716     9.2046  1024.8361          4 0.0000e+00
       1801    450.069    239.000     9.1623  33.266863     1.3400 1.3551e-01      0.318 6.7491e-05      1.021    97.2666     0.1109    236.814    30.7209     2.8117    30.8726     9.2006  1024.8420          4 0.0000e+00
       1805    451.058    240.000     9.1567  33.263891     1.3383 1.3672e-01      0.332 1.0221e-04      0.996    97.2858     0.1101    237.804    30.7222     2.8050    30.8740     9.1948  1024.8486          4 0.0000e+00
       1809    452.044    241.000     9.1513  33.261052     1.3374 1.3097e-01      0.319 7.0912e-05      1.021    97.3033     0.1094    238.795    30.7236     2.8055    30.8754     9.1893  1024.8550          4 0.0000e+00
       1813    453.035    242.000     9.1469  33.258938     1.3362 1.3099e-01      0.310 8.0473e-05      1.010    97.3040     0.1094    239.785    30.7248     2.7993    30.8766     9.1847  1024.8612          4 0.0000e+00
       1817    454.025    243.000     9.1421  33.256209     1.3347 1.2898e-01      0.350 9.4113e-05      1.005    97.3280     0.1083    240.775    30.7257     2.7970    30.8775     9.1797  1024.8672          4 0.0000e+00
       1821    455.013    244.000     9.1392  33.254909     1.3339 1.3129e-01      0.328 8.7334e-05      1.016    97.3813     0.1062    241.766    30.7264     2.7983    30.8783     9.1767  1024.8728          4 0.0000e+00
       1825    456.004    245.000     9.1371  33.254111     1.3334 1.2740e-01      0.305 6.7861e-05      1.009    97.3911     0.1057    242.756    30.7271     2.7954    30.8789     9.1745  1024.8782          3 0.0000e+00
       1829    456.994    246.000     9.1340  33.252491     1.3325 1.1592e-01      0.319 4.8629e-05      1.009    97.3778     0.1063    243.746    30.7276     2.7979    30.8795     9.1712  1024.8837          4 0.0000e+00
       1833    457.985    247.000     9.1311  33.251178     1.3327 1.2620e-01      0.316 6.1149e-05      1.010    97.3876     0.1059    244.736    30.7283     2.7937    30.8802     9.1683  1024.8892          4 0.0000e+00
       1837    458.979    248.000     9.1284  33.249812     1.3308 1.3289e-01      0.285 9.4084e-05      1.012    97.3827     0.1061    245.726    30.7288     2.7888    30.8808     9.1654  1024.8947          4 0.0000e+00
       1841    459.977    249.000     9.1269  33.249371     1.3310 1.2903e-01      0.394 4.6883e-05      1.001    97.3966     0.1055    246.716    30.7293     2.7931    30.8812     9.1637  1024.8998          4 0.0000e+00
       1845    460.975    250.000     9.1265  33.249695     1.3302 1.3372e-01      0.370 9.4860e-05      1.003    97.4356     0.1039    247.707    30.7295     2.7916    30.8815     9.1632  1024.9046          4 0.0000e+00
       1849    461.977    251.000     9.1262  33.250022     1.3306 1.2828e-01      0.305 8.0768e-05      1.003    97.4489     0.1033    248.697    30.7297     2.7931    30.8817     9.1629  1024.9093          4 0.0000e+00
       1853    462.980    252.000     9.1254  33.250086     1.3294 1.2622e-01      0.355 7.1561e-05      0.989    97.4820     0.1020    249.688    30.7300     2.7846    30.8820     9.1619  1024.9143          4 0.0000e+00
       1857    463.983    253.000     9.1234  33.249305     1.3289 1.3470e-01      0.279 7.2529e-05      1.009    97.4856     0.1019    250.677    30.7305     2.7866    30.8826     9.1598  1024.9196          4 0.0000e+00
       1861    464.996    254.000     9.1211  33.248299     1.3281 1.3823e-01      0.321 4.7089e-05      0.987    97.4772     0.1022    251.668    30.7310     2.7803    30.8831     9.1574  1024.9248          5 0.0000e+00
       1865    466.006    255.000     9.1173  33.246076     1.3270 1.3027e-01      0.324 4.9294e-05      0.985    97.4536     0.1031    252.658    30.7316     2.7780    30.8837     9.1534  1024.9305          4 0.0000e+00
       1869    467.015    256.000     9.1141  33.244493     1.3262 1.3441e-01      0.289 7.9397e-05      0.994    97.4490     0.1033    253.648    30.7323     2.7781    30.8844     9.1502  1024.9361          4 0.0000e+00
       1873    468.022    257.000     9.1125  33.244110     1.3258 1.2888e-01      0.294 5.0125e-05      0.989    97.4705     0.1025    254.638    30.7329     2.7784    30.8850     9.1485  1024.9413          4 0.0000e+00
       1877    469.030    258.000     9.1107  33.243395     1.3253 1.3854e-01      0.296 8.7946e-05      0.996    97.5241     0.1003    255.628    30.7333     2.7795    30.8855     9.1465  1024.9465          4 0.0000e+00
       1881    470.038    259.000     9.1093  33.242925     1.3254 1.3074e-01      0.321 3.7759e-05      0.985    97.5126     0.1007    256.619    30.7335     2.7799    30.8857     9.1450  1024.9515          4 0.0000e+00
       1885    471.040    260.000     9.1087  33.242980     1.3249 1.2413e-01      0.288 6.6178e-05      0.998    97.4919     0.1016    257.609    30.7338     2.7756    30.8860     9.1442  1024.9563          4 0.0000e+00
       1889    472.043    261.000     9.1075  33.242600     1.3244 1.3358e-01      0.318 6.9323e-05      1.002    97.4835     0.1020    258.599    30.7340     2.7750    30.8862     9.1430  1024.9612          4 0.0000e+00
       1893    473.044    262.000     9.1060  33.241999     1.3239 1.3394e-01      0.347 3.5552e-05      0.992    97.5547     0.0990    259.589    30.7343     2.7739    30.8865     9.1413  1024.9663          4 0.0000e+00
       1897    474.046    263.000     9.1045  33.241527     1.3235 1.2968e-01      0.304 6.0917e-05      1.009    97.5935     0.0974    260.579    30.7346     2.7738    30.8868     9.1398  1024.9713          4 0.0000e+00
       1901    475.053    264.000     9.1037  33.241510     1.3232 1.2826e-01      0.337 1.2726e-04      0.989    97.5846     0.0978    261.570    30.7349     2.7734    30.8872     9.1388  1024.9762          4 0.0000e+00
       1905    476.055    265.000     9.1034  33.241691     1.3229 1.2871e-01      0.302 6.0901e-05      0.992    97.5707     0.0984    262.560    30.7349     2.7717    30.8872     9.1384  1024.9809          4 0.0000e+00
       1909    477.060    266.000     9.1034  33.241944     1.3223 1.3196e-01      0.383 8.1292e-05      1.005    97.5622     0.0987    263.550    30.7347     2.7701    30.8870     9.1383  1024.9853          4 0.0000e+00
       1913    478.064    267.000     9.1029  33.242117     1.3219 1.3164e-01      0.316 9.0420e-05      0.986    97.5701     0.0984    264.540    30.7349     2.7706    30.8873     9.1377  1024.9901          4 0.0000e+00
       1917    479.063    268.000     9.1010  33.241434     1.3218 1.3000e-01      0.324 1.0812e-04      1.003    97.5615     0.0988    265.530    30.7354     2.7691    30.8878     9.1357  1024.9954          4 0.0000e+00
       1921    480.062    269.000     9.0989  33.240551     1.3211 1.2721e-01      0.299 7.9143e-05      0.999    97.5064     0.1010    266.520    30.7359     2.7690    30.8883     9.1334  1025.0007          4 0.0000e+00
       1925    481.053    270.000     9.0969  33.239706     1.3210 1.2650e-01      0.294 5.7088e-05      0.999    97.4993     0.1013    267.511    30.7364     2.7686    30.8888     9.1313  1025.0059          4 0.0000e+00
       1929    482.042    271.000     9.0962  33.239812     1.3205 1.2699e-01      0.282 7.1124e-05      1.023    97.4402     0.1038    268.501    30.7366     2.7680    30.8890     9.1306  1025.0107          4 0.0000e+00
       1933    483.034    272.000     9.0961  33.240273     1.3208 1.3692e-01      0.278 5.2908e-05      1.006    97.3814     0.1062    269.491    30.7368     2.7723    30.8892     9.1303  1025.0154          4 0.0000e+00
       1937    484.024    273.000     9.0959  33.240651     1.3208 1.3070e-01      0.378 2.6177e-05      1.009    97.4966     0.1015    270.481    30.7370     2.7705    30.8894     9.1300  1025.0202          4 0.0000e+00
       1941    485.017    274.000     9.0955  33.240900     1.3207 1.3040e-01      0.338 5.2060e-05      1.011    97.6006     0.0972    271.471    30.7371     2.7714    30.8896     9.1295  1025.0249          4 0.0000e+00
       1945    486.009    275.000     9.0953  33.241225     1.3206 1.2895e-01      0.313 9.4922e-05      1.005    97.6194     0.0964    272.461    30.7372     2.7660    30.8897     9.1292  1025.0296          4 0.0000e+00
       1949    487.004    276.000     9.0950  33.241500     1.3195 1.2825e-01      0.392 9.6036e-05      1.010    97.5937     0.0975    273.451    30.7373     2.7633    30.8898     9.1288  1025.0343          4 0.0000e+00
       1953    488.002    277.000     9.0949  33.241942     1.3193 1.2767e-01      0.312 5.9230e-05      1.002    97.5565     0.0990    274.441    30.7374     2.7658    30.8900     9.1286  1025.0389          4 0.0000e+00
       1957    489.002    278.000     9.0945  33.242081     1.3190 1.3313e-01      0.395 4.0468e-05      1.003    97.4782     0.1022    275.431    30.7375     2.7669    30.8901     9.1281  1025.0436          4 0.0000e+00
       1961    490.006    279.000     9.0939  33.242089     1.3191 1.3037e-01      0.291 1.0895e-04      0.996    97.4930     0.1016    276.422    30.7376     2.7660    30.8902     9.1273  1025.0484          4 0.0000e+00
       1965    491.009    280.000     9.0927  33.241781     1.3187 1.2939e-01      0.276 1.1844e-04      0.995    97.5491     0.0993    277.412    30.7379     2.7646    30.8905     9.1261  1025.0533          4 0.0000e+00
       1969    492.013    281.000     9.0913  33.241233     1.3186 1.2627e-01      0.288 6.1381e-05      0.997    97.5428     0.0995    278.402    30.7382     2.7649    30.8908     9.1245  1025.0583          4 0.0000e+00
       1973    493.015    282.000     9.0904  33.241078     1.3183 1.2792e-01      0.290 7.0496e-05      0.994    97.6019     0.0971    279.392    30.7384     2.7669    30.8910     9.1235  1025.0632          4 0.0000e+00
       1977    494.013    283.000     9.0903  33.241525     1.3188 1.2716e-01      0.344 7.6598e-05      1.002    97.6495     0.0951    280.382    30.7384     2.7682    30.8911     9.1233  1025.0678          4 0.0000e+00
       1981    495.013    284.000     9.0905  33.242108     1.3182 1.2906e-01      0.289 1.0157e-04      1.004    97.6320     0.0958    281.372    30.7385     2.7643    30.8912     9.1234  1025.0724          4 0.0000e+00
       1985    496.013    285.000     9.0904  33.242451     1.3181 1.3389e-01      0.291 7.3277e-05      0.999    97.6229     0.0962    282.362    30.7385     2.7640    30.8912     9.1232  1025.0770          4 0.0000e+00
       1989    497.014    286.000     9.0901  33.242644     1.3175 1.3193e-01      0.282 4.0755e-05      1.001    97.6304     0.0959    283.352    30.7385     2.7608    30.8913     9.1228  1025.0816          4 0.0000e+00
       1993    498.017    287.000     9.0898  33.242888     1.3171 1.2344e-01      0.328 3.1849e-05      0.998    97.6691     0.0944    284.342    30.7386     2.7611    30.8914     9.1223  1025.0863          4 0.0000e+00
       1997    499.022    288.000     9.0896  33.243205     1.3168 1.2656e-01      0.284 4.8922e-05      0.994    97.6955     0.0933    285.332    30.7387     2.7596    30.8915     9.1221  1025.0910          4 0.0000e+00
       2001    500.027    289.000     9.0897  33.243632     1.3162 1.2807e-01      0.297 7.8700e-05      0.995    97.6785     0.0940    286.322    30.7387     2.7603    30.8915     9.1220  1025.0955          4 0.0000e+00
